273 4510
0 1
0 2
0 3
0 4
0 5
0 6
0 7
0 8
0 9
0 10
0 11
0 12
0 13
0 14
0 15
0 16
0 17
0 18
0 19
0 20
0 21
0 22
0 23
0 24
0 25
0 26
0 27
0 28
0 29
0 30
0 31
0 32
0 33
0 34
0 35
1 2
1 3
1 4
1 5
1 6
1 7
1 8
1 9
1 10
1 11
1 12
1 13
1 14
1 15
1 16
1 17
1 18
1 19
1 20
1 21
1 22
1 23
1 24
1 25
1 26
1 27
1 28
1 29
1 30
1 31
1 32
1 33
1 34
1 35
1 36
1 37
1 38
1 39
1 40
1 41
1 42
1 43
1 44
1 45
1 46
1 47
1 48
1 49
1 50
1 51
1 52
1 53
1 54
1 55
1 56
1 57
1 58
1 59
1 60
1 61
1 62
1 63
1 64
1 65
1 66
1 67
1 68
1 69
1 70
1 71
1 72
1 73
1 74
1 75
1 76
1 77
1 78
1 79
1 80
1 81
1 82
1 83
1 84
1 85
1 86
1 87
1 88
1 89
1 90
1 91
1 92
1 93
1 94
1 95
1 96
1 97
1 98
1 99
1 100
1 101
1 102
1 103
1 104
1 105
1 106
1 107
1 108
1 109
1 110
1 111
1 112
1 113
1 114
1 115
1 116
1 117
1 118
1 119
1 120
1 121
1 122
1 123
1 124
1 125
1 126
1 127
1 128
1 129
1 130
1 131
1 132
1 133
1 134
1 135
1 136
1 137
1 138
1 139
1 140
1 141
1 142
1 143
1 144
1 145
1 146
1 147
1 148
1 149
1 150
1 151
1 152
1 153
1 154
1 155
1 156
1 157
1 158
1 159
1 160
1 161
1 162
1 163
1 164
1 165
1 166
1 167
1 168
1 169
1 170
1 171
1 172
1 173
1 174
1 175
1 176
1 177
1 178
1 179
1 180
1 181
1 182
1 183
1 184
1 185
1 186
1 187
1 188
1 189
1 190
1 191
1 192
1 193
1 194
1 195
1 196
1 197
1 198
1 199
1 200
1 201
1 202
1 203
1 204
1 205
1 206
1 207
1 208
1 209
1 210
1 211
1 212
1 213
1 214
1 215
1 216
1 217
1 218
1 219
1 220
1 221
1 222
1 223
1 224
1 225
1 226
1 227
1 228
1 229
1 230
1 231
1 232
1 233
1 234
1 235
1 236
1 237
1 238
1 239
1 240
1 241
1 242
1 243
1 244
1 245
1 246
1 247
1 248
1 249
2 3
2 4
2 5
2 6
2 7
2 8
2 9
2 10
2 11
2 12
2 13
2 14
2 15
2 16
2 17
2 18
2 19
2 20
2 21
2 22
2 23
2 24
2 25
2 26
2 27
2 28
2 29
2 30
2 31
2 32
2 33
2 34
2 35
2 41
2 44
2 45
2 46
2 54
2 56
2 57
2 59
2 64
2 67
2 68
2 76
2 77
2 78
2 80
2 84
2 85
2 86
2 88
2 98
2 103
2 104
2 105
2 107
2 110
2 113
2 114
2 119
2 120
2 125
2 129
2 130
2 132
2 135
2 136
2 138
2 139
2 141
2 145
2 147
2 153
2 154
2 155
2 156
2 157
2 162
2 169
2 173
2 174
2 177
2 180
2 182
2 186
2 189
2 192
2 193
2 194
2 202
2 206
2 207
2 209
2 213
2 214
2 215
2 218
2 219
2 222
2 223
2 224
2 232
2 235
2 238
2 240
3 4
3 5
3 6
3 7
3 8
3 9
3 10
3 11
3 12
3 13
3 14
3 15
3 16
3 17
3 18
3 19
3 20
3 21
3 22
3 23
3 24
3 25
3 26
3 27
3 28
3 29
3 30
3 31
3 32
3 33
3 34
3 35
3 41
3 42
3 43
3 44
3 45
3 46
3 47
3 49
3 51
3 54
3 55
3 56
3 57
3 59
3 60
3 62
3 64
3 66
3 67
3 68
3 70
3 73
3 74
3 76
3 77
3 78
3 79
3 80
3 81
3 84
3 85
3 86
3 88
3 90
3 91
3 93
3 94
3 95
3 97
3 98
3 103
3 104
3 105
3 106
3 107
3 108
3 110
3 111
3 113
3 114
3 117
3 119
3 120
3 125
3 126
3 129
3 130
3 131
3 132
3 135
3 136
3 138
3 139
3 140
3 142
3 145
3 147
3 148
3 150
3 152
3 153
3 154
3 155
3 156
3 157
3 162
3 163
3 169
3 171
3 172
3 173
3 174
3 176
3 177
3 180
3 182
3 183
3 185
3 186
3 187
3 192
3 194
3 199
3 202
3 204
3 206
3 209
3 212
3 214
3 215
3 216
3 218
3 220
3 222
3 224
3 226
3 232
3 235
3 238
3 240
3 243
3 244
3 247
4 5
4 6
4 7
4 8
4 9
4 10
4 11
4 12
4 13
4 14
4 15
4 16
4 17
4 18
4 19
4 20
4 21
4 22
4 23
4 24
4 25
4 26
4 27
4 28
4 29
4 30
4 31
4 32
4 33
4 34
4 35
4 54
4 56
4 85
4 119
4 132
4 235
5 6
5 7
5 8
5 9
5 10
5 11
5 12
5 13
5 14
5 15
5 16
5 17
5 18
5 19
5 20
5 21
5 22
5 23
5 24
5 25
5 26
5 27
5 28
5 29
5 30
5 31
5 32
5 33
5 34
5 35
5 41
5 44
5 46
5 54
5 56
5 57
5 58
5 64
5 67
5 76
5 77
5 78
5 80
5 85
5 98
5 103
5 104
5 107
5 119
5 123
5 125
5 129
5 130
5 132
5 135
5 136
5 138
5 145
5 147
5 153
5 154
5 155
5 156
5 157
5 162
5 169
5 173
5 180
5 182
5 184
5 186
5 189
5 193
5 194
5 202
5 203
5 206
5 207
5 214
5 215
5 218
5 219
5 222
5 223
5 232
5 235
5 238
6 7
6 8
6 9
6 10
6 11
6 12
6 13
6 14
6 15
6 16
6 17
6 18
6 19
6 20
6 21
6 22
6 23
6 24
6 25
6 26
6 27
6 28
6 29
6 30
6 31
6 32
6 33
6 34
6 35
6 41
6 44
6 54
6 56
6 64
6 77
6 78
6 80
6 85
6 98
6 119
6 129
6 130
6 132
6 135
6 136
6 138
6 147
6 155
6 157
6 182
6 186
6 194
6 214
6 215
6 218
6 222
6 235
7 8
7 9
7 10
7 11
7 12
7 13
7 14
7 15
7 16
7 17
7 18
7 19
7 20
7 21
7 22
7 23
7 24
7 25
7 26
7 27
7 28
7 29
7 30
7 31
7 32
7 33
7 34
7 35
7 41
7 44
7 45
7 46
7 54
7 56
7 57
7 58
7 59
7 64
7 67
7 68
7 76
7 77
7 78
7 80
7 84
7 85
7 86
7 88
7 98
7 103
7 104
7 105
7 107
7 110
7 113
7 114
7 119
7 120
7 123
7 125
7 129
7 130
7 132
7 135
7 136
7 138
7 139
7 141
7 145
7 147
7 150
7 153
7 154
7 155
7 156
7 157
7 162
7 166
7 169
7 172
7 173
7 174
7 177
7 179
7 180
7 182
7 184
7 186
7 189
7 192
7 193
7 194
7 200
7 202
7 203
7 205
7 206
7 207
7 209
7 212
7 213
7 214
7 215
7 218
7 219
7 222
7 223
7 224
7 231
7 232
7 235
7 238
7 240
7 242
8 9
8 10
8 11
8 12
8 13
8 14
8 15
8 16
8 17
8 18
8 19
8 20
8 21
8 22
8 23
8 24
8 25
8 26
8 27
8 28
8 29
8 30
8 31
8 32
8 33
8 34
8 35
8 54
8 56
8 57
8 80
8 85
8 119
8 129
8 132
8 145
8 147
8 182
8 184
8 189
8 193
8 203
8 207
8 219
8 223
8 235
9 10
9 11
9 12
9 13
9 14
9 15
9 16
9 17
9 18
9 19
9 20
9 21
9 22
9 23
9 24
9 25
9 26
9 27
9 28
9 29
9 30
9 31
9 32
9 33
9 34
9 35
9 41
9 44
9 45
9 46
9 54
9 56
9 59
9 64
9 67
9 68
9 76
9 77
9 78
9 84
9 98
9 103
9 104
9 110
9 113
9 114
9 119
9 120
9 125
9 129
9 130
9 135
9 136
9 138
9 139
9 153
9 154
9 155
9 156
9 157
9 162
9 169
9 173
9 174
9 177
9 180
9 182
9 186
9 194
9 202
9 206
9 214
9 218
9 222
9 224
9 232
9 238
9 240
10 11
10 12
10 13
10 14
10 15
10 16
10 17
10 18
10 19
10 20
10 21
10 22
10 23
10 24
10 25
10 26
10 27
10 28
10 29
10 30
10 31
10 32
10 33
10 34
10 35
10 41
10 43
10 44
10 45
10 46
10 47
10 49
10 51
10 54
10 56
10 57
10 58
10 59
10 60
10 64
10 67
10 68
10 69
10 74
10 76
10 77
10 78
10 80
10 81
10 84
10 85
10 86
10 88
10 93
10 95
10 98
10 101
10 103
10 104
10 105
10 106
10 107
10 109
10 110
10 113
10 114
10 116
10 117
10 118
10 119
10 120
10 123
10 125
10 126
10 129
10 130
10 131
10 132
10 135
10 136
10 138
10 139
10 141
10 145
10 147
10 148
10 150
10 152
10 153
10 154
10 155
10 156
10 157
10 162
10 166
10 169
10 172
10 173
10 174
10 177
10 179
10 180
10 182
10 184
10 185
10 186
10 189
10 192
10 193
10 194
10 197
10 200
10 202
10 203
10 205
10 206
10 207
10 209
10 212
10 213
10 214
10 215
10 218
10 219
10 222
10 223
10 224
10 226
10 228
10 231
10 232
10 233
10 235
10 238
10 240
10 242
10 247
10 248
11 12
11 13
11 14
11 15
11 16
11 17
11 18
11 19
11 20
11 21
11 22
11 23
11 24
11 25
11 26
11 27
11 28
11 29
11 30
11 31
11 32
11 33
11 34
11 35
11 36
11 38
11 39
11 41
11 42
11 43
11 44
11 45
11 46
11 47
11 48
11 49
11 50
11 51
11 52
11 53
11 54
11 55
11 56
11 57
11 59
11 60
11 61
11 62
11 63
11 64
11 65
11 66
11 67
11 68
11 70
11 72
11 73
11 74
11 75
11 76
11 77
11 78
11 79
11 80
11 81
11 82
11 83
11 84
11 85
11 86
11 87
11 88
11 89
11 90
11 91
11 93
11 94
11 95
11 96
11 97
11 98
11 102
11 103
11 104
11 105
11 106
11 107
11 108
11 110
11 111
11 113
11 114
11 115
11 117
11 119
11 120
11 121
11 124
11 125
11 126
11 127
11 129
11 130
11 131
11 132
11 133
11 135
11 136
11 137
11 138
11 139
11 140
11 142
11 144
11 145
11 146
11 147
11 148
11 149
11 150
11 151
11 152
11 153
11 154
11 155
11 156
11 157
11 158
11 160
11 162
11 163
11 164
11 167
11 168
11 169
11 170
11 171
11 172
11 173
11 174
11 175
11 176
11 177
11 180
11 181
11 182
11 183
11 185
11 186
11 187
11 188
11 191
11 192
11 193
11 194
11 196
11 197
11 198
11 199
11 201
11 202
11 204
11 206
11 207
11 208
11 209
11 211
11 212
11 214
11 215
11 216
11 217
11 218
11 219
11 220
11 222
11 223
11 224
11 226
11 227
11 230
11 232
11 233
11 235
11 237
11 238
11 240
11 243
11 244
11 245
11 246
11 247
11 249
11 258
12 13
12 14
12 15
12 16
12 17
12 18
12 19
12 20
12 21
12 22
12 23
12 24
12 25
12 26
12 27
12 28
12 29
12 30
12 31
12 32
12 33
12 34
12 35
12 41
12 42
12 43
12 44
12 45
12 46
12 47
12 49
12 51
12 54
12 56
12 59
12 60
12 64
12 66
12 67
12 68
12 70
12 74
12 76
12 77
12 78
12 79
12 81
12 84
12 86
12 88
12 90
12 93
12 95
12 98
12 103
12 104
12 106
12 108
12 110
12 113
12 114
12 117
12 119
12 120
12 125
12 126
12 129
12 130
12 135
12 136
12 138
12 139
12 142
12 148
12 150
12 152
12 153
12 154
12 155
12 156
12 157
12 162
12 169
12 172
12 173
12 174
12 177
12 180
12 182
12 183
12 185
12 186
12 187
12 192
12 194
12 202
12 204
12 206
12 212
12 214
12 215
12 218
12 222
12 224
12 226
12 232
12 235
12 238
12 240
12 247
13 14
13 15
13 16
13 17
13 18
13 19
13 20
13 21
13 22
13 23
13 24
13 25
13 26
13 27
13 28
13 29
13 30
13 31
13 32
13 33
13 34
13 35
13 54
13 56
13 57
13 80
13 85
13 119
13 132
13 145
13 147
13 182
13 184
13 189
13 193
13 203
13 207
13 219
13 223
13 235
13 242
14 15
14 16
14 17
14 18
14 19
14 20
14 21
14 22
14 23
14 24
14 25
14 26
14 27
14 28
14 29
14 30
14 31
14 32
14 33
14 34
14 35
14 41
14 44
14 45
14 46
14 54
14 56
14 59
14 64
14 67
14 68
14 76
14 77
14 78
14 84
14 98
14 103
14 104
14 110
14 113
14 114
14 119
14 120
14 125
14 129
14 130
14 132
14 135
14 136
14 138
14 139
14 153
14 154
14 155
14 156
14 157
14 162
14 169
14 173
14 174
14 177
14 180
14 182
14 186
14 194
14 202
14 206
14 214
14 215
14 218
14 222
14 224
14 232
14 235
14 238
14 240
15 16
15 17
15 18
15 19
15 20
15 21
15 22
15 23
15 24
15 25
15 26
15 27
15 28
15 29
15 30
15 31
15 32
15 33
15 34
15 35
15 44
15 54
15 56
15 57
15 80
15 85
15 119
15 129
15 132
15 138
15 145
15 147
15 179
15 182
15 184
15 189
15 193
15 203
15 207
15 219
15 223
15 231
15 235
15 242
16 17
16 18
16 19
16 20
16 21
16 22
16 23
16 24
16 25
16 26
16 27
16 28
16 29
16 30
16 31
16 32
16 33
16 34
16 35
16 41
16 44
16 54
16 56
16 57
16 58
16 64
16 67
16 77
16 78
16 80
16 85
16 98
16 104
16 107
16 119
16 123
16 125
16 129
16 130
16 132
16 135
16 136
16 138
16 145
16 147
16 153
16 154
16 155
16 156
16 157
16 162
16 169
16 173
16 179
16 180
16 182
16 184
16 186
16 189
16 193
16 194
16 203
16 206
16 207
16 214
16 215
16 218
16 219
16 222
16 223
16 231
16 232
16 235
16 238
16 242
17 18
17 19
17 20
17 21
17 22
17 23
17 24
17 25
17 26
17 27
17 28
17 29
17 30
17 31
17 32
17 33
17 34
17 35
17 41
17 42
17 43
17 44
17 45
17 46
17 47
17 49
17 51
17 54
17 56
17 59
17 60
17 62
17 64
17 66
17 67
17 68
17 70
17 73
17 74
17 76
17 77
17 78
17 79
17 81
17 84
17 86
17 88
17 90
17 93
17 94
17 95
17 97
17 98
17 103
17 104
17 106
17 108
17 110
17 111
17 113
17 114
17 117
17 119
17 120
17 125
17 126
17 129
17 130
17 135
17 136
17 138
17 139
17 140
17 142
17 148
17 150
17 152
17 153
17 154
17 155
17 156
17 157
17 162
17 163
17 169
17 171
17 172
17 173
17 174
17 176
17 177
17 180
17 182
17 183
17 185
17 186
17 187
17 192
17 194
17 199
17 202
17 204
17 206
17 212
17 214
17 216
17 218
17 220
17 222
17 224
17 226
17 232
17 238
17 240
17 243
17 244
17 247
18 19
18 20
18 21
18 22
18 23
18 24
18 25
18 26
18 27
18 28
18 29
18 30
18 31
18 32
18 33
18 34
18 35
18 41
18 44
18 54
18 56
18 64
18 77
18 78
18 85
18 98
18 104
18 119
18 129
18 130
18 132
18 135
18 136
18 138
18 155
18 156
18 157
18 182
18 186
18 194
18 206
18 214
18 215
18 218
18 222
18 235
19 20
19 21
19 22
19 23
19 24
19 25
19 26
19 27
19 28
19 29
19 30
19 31
19 32
19 33
19 34
19 35
19 41
19 44
19 46
19 54
19 56
19 57
19 58
19 64
19 67
19 69
19 76
19 77
19 78
19 80
19 85
19 98
19 103
19 104
19 107
19 109
19 116
19 119
19 123
19 125
19 129
19 130
19 132
19 135
19 136
19 138
19 145
19 147
19 153
19 154
19 155
19 156
19 157
19 162
19 169
19 173
19 177
19 179
19 180
19 182
19 184
19 186
19 189
19 193
19 194
19 200
19 202
19 203
19 205
19 206
19 207
19 214
19 215
19 218
19 219
19 222
19 223
19 231
19 232
19 235
19 238
19 242
19 248
20 21
20 22
20 23
20 24
20 25
20 26
20 27
20 28
20 29
20 30
20 31
20 32
20 33
20 34
20 35
20 41
20 44
20 45
20 46
20 47
20 51
20 54
20 56
20 59
20 64
20 67
20 68
20 74
20 76
20 77
20 78
20 81
20 84
20 85
20 86
20 88
20 98
20 103
20 104
20 105
20 106
20 110
20 113
20 114
20 119
20 120
20 125
20 129
20 130
20 132
20 135
20 136
20 138
20 139
20 150
20 153
20 154
20 155
20 156
20 157
20 162
20 169
20 172
20 173
20 174
20 177
20 180
20 182
20 186
20 192
20 194
20 202
20 206
20 212
20 214
20 215
20 218
20 222
20 224
20 226
20 232
20 235
20 238
20 240
21 22
21 23
21 24
21 25
21 26
21 27
21 28
21 29
21 30
21 31
21 32
21 33
21 34
21 35
21 44
21 54
21 56
21 57
21 58
21 80
21 85
21 119
21 129
21 132
21 138
21 145
21 147
21 179
21 182
21 184
21 189
21 193
21 200
21 203
21 205
21 207
21 219
21 222
21 223
21 231
21 235
21 242
22 23
22 24
22 25
22 26
22 27
22 28
22 29
22 30
22 31
22 32
22 33
22 34
22 35
22 41
22 44
22 54
22 56
22 64
22 67
22 77
22 78
22 85
22 98
22 104
22 119
22 125
22 129
22 130
22 132
22 135
22 136
22 138
22 153
22 154
22 155
22 156
22 157
22 162
22 169
22 173
22 180
22 182
22 186
22 194
22 206
22 214
22 215
22 218
22 222
22 232
22 235
22 238
23 24
23 25
23 26
23 27
23 28
23 29
23 30
23 31
23 32
23 33
23 34
23 35
23 36
23 38
23 39
23 41
23 42
23 43
23 44
23 45
23 46
23 47
23 48
23 49
23 50
23 51
23 53
23 54
23 56
23 59
23 60
23 61
23 62
23 63
23 64
23 65
23 66
23 67
23 68
23 70
23 72
23 73
23 74
23 76
23 77
23 78
23 79
23 81
23 82
23 83
23 84
23 86
23 87
23 88
23 89
23 90
23 93
23 94
23 95
23 96
23 97
23 98
23 102
23 103
23 104
23 106
23 108
23 110
23 111
23 113
23 114
23 115
23 117
23 119
23 120
23 121
23 125
23 126
23 127
23 129
23 130
23 133
23 135
23 136
23 137
23 138
23 139
23 140
23 142
23 144
23 146
23 148
23 149
23 150
23 152
23 153
23 154
23 155
23 156
23 157
23 158
23 160
23 162
23 163
23 164
23 167
23 168
23 169
23 170
23 171
23 172
23 173
23 174
23 176
23 177
23 180
23 182
23 183
23 185
23 186
23 187
23 188
23 191
23 192
23 194
23 196
23 198
23 199
23 201
23 202
23 204
23 206
23 211
23 212
23 214
23 216
23 218
23 220
23 222
23 224
23 226
23 227
23 232
23 237
23 238
23 240
23 243
23 244
23 246
23 247
23 249
24 25
24 26
24 27
24 28
24 29
24 30
24 31
24 32
24 33
24 34
24 35
24 36
24 41
24 42
24 43
24 44
24 45
24 46
24 47
24 49
24 51
24 54
24 56
24 59
24 60
24 62
24 63
24 64
24 66
24 67
24 68
24 70
24 72
24 73
24 74
24 76
24 77
24 78
24 79
24 81
24 82
24 84
24 86
24 87
24 88
24 90
24 93
24 94
24 95
24 97
24 98
24 102
24 103
24 104
24 106
24 108
24 110
24 111
24 113
24 114
24 115
24 117
24 119
24 120
24 125
24 126
24 127
24 129
24 130
24 133
24 135
24 136
24 137
24 138
24 139
24 140
24 142
24 144
24 146
24 148
24 150
24 152
24 153
24 154
24 155
24 156
24 157
24 158
24 162
24 163
24 164
24 168
24 169
24 170
24 171
24 172
24 173
24 174
24 176
24 177
24 180
24 182
24 183
24 185
24 186
24 187
24 188
24 191
24 192
24 194
24 198
24 199
24 201
24 202
24 204
24 206
24 211
24 212
24 214
24 215
24 216
24 218
24 220
24 222
24 224
24 226
24 227
24 232
24 235
24 237
24 238
24 240
24 243
24 244
24 246
24 247
24 249
25 26
25 27
25 28
25 29
25 30
25 31
25 32
25 33
25 34
25 35
25 41
25 44
25 46
25 54
25 56
25 57
25 59
25 64
25 67
25 76
25 77
25 78
25 80
25 85
25 98
25 103
25 104
25 107
25 119
25 125
25 129
25 130
25 132
25 135
25 136
25 138
25 145
25 147
25 153
25 154
25 155
25 156
25 157
25 162
25 169
25 173
25 177
25 180
25 182
25 186
25 194
25 202
25 206
25 214
25 215
25 218
25 222
25 232
25 235
25 238
25 240
26 27
26 28
26 29
26 30
26 31
26 32
26 33
26 34
26 35
26 41
26 44
26 46
26 54
26 56
26 57
26 58
26 59
26 64
26 67
26 68
26 76
26 77
26 78
26 80
26 85
26 98
26 103
26 104
26 107
26 110
26 119
26 123
26 125
26 129
26 130
26 132
26 135
26 136
26 138
26 139
26 141
26 145
26 147
26 153
26 154
26 155
26 156
26 157
26 162
26 169
26 173
26 177
26 180
26 182
26 184
26 186
26 189
26 193
26 194
26 202
26 203
26 206
26 207
26 213
26 214
26 215
26 218
26 219
26 222
26 223
26 231
26 232
26 235
26 238
26 240
26 242
27 28
27 29
27 30
27 31
27 32
27 33
27 34
27 35
27 41
27 44
27 45
27 46
27 54
27 56
27 57
27 58
27 59
27 64
27 67
27 68
27 76
27 77
27 78
27 80
27 84
27 85
27 86
27 88
27 98
27 103
27 104
27 105
27 107
27 110
27 113
27 114
27 116
27 119
27 120
27 123
27 125
27 129
27 130
27 132
27 135
27 136
27 138
27 139
27 141
27 145
27 147
27 153
27 154
27 155
27 156
27 157
27 162
27 169
27 173
27 174
27 177
27 179
27 180
27 182
27 184
27 186
27 189
27 192
27 193
27 194
27 200
27 202
27 203
27 205
27 206
27 207
27 209
27 213
27 214
27 215
27 218
27 219
27 222
27 223
27 224
27 231
27 232
27 235
27 238
27 240
27 242
27 268
28 29
28 30
28 31
28 32
28 33
28 34
28 35
28 41
28 42
28 43
28 44
28 45
28 46
28 47
28 49
28 51
28 54
28 56
28 57
28 58
28 59
28 60
28 62
28 64
28 66
28 67
28 68
28 69
28 70
28 73
28 74
28 76
28 77
28 78
28 79
28 80
28 81
28 84
28 85
28 86
28 88
28 90
28 91
28 93
28 94
28 95
28 97
28 98
28 101
28 103
28 104
28 105
28 106
28 107
28 108
28 109
28 110
28 111
28 113
28 114
28 116
28 117
28 118
28 119
28 120
28 123
28 125
28 126
28 129
28 130
28 131
28 132
28 135
28 136
28 138
28 139
28 140
28 141
28 142
28 145
28 147
28 148
28 150
28 152
28 153
28 154
28 155
28 156
28 157
28 162
28 163
28 165
28 166
28 169
28 171
28 172
28 173
28 174
28 176
28 177
28 179
28 180
28 182
28 183
28 184
28 185
28 186
28 187
28 189
28 192
28 193
28 194
28 197
28 199
28 200
28 202
28 203
28 204
28 205
28 206
28 207
28 209
28 212
28 213
28 214
28 215
28 216
28 218
28 219
28 220
28 222
28 223
28 224
28 226
28 228
28 229
28 231
28 232
28 233
28 235
28 238
28 240
28 241
28 242
28 243
28 244
28 245
28 247
28 248
29 30
29 31
29 32
29 33
29 34
29 35
29 54
29 56
29 57
29 69
29 80
29 85
29 109
29 119
29 132
29 145
29 147
29 179
29 182
29 184
29 189
29 193
29 200
29 203
29 205
29 207
29 219
29 223
29 231
29 235
29 242
30 31
30 32
30 33
30 34
30 35
30 41
30 43
30 44
30 45
30 46
30 47
30 49
30 51
30 54
30 56
30 57
30 58
30 59
30 60
30 64
30 67
30 68
30 74
30 76
30 77
30 78
30 79
30 80
30 81
30 84
30 85
30 86
30 88
30 90
30 91
30 93
30 95
30 98
30 103
30 104
30 105
30 106
30 107
30 110
30 113
30 114
30 117
30 119
30 120
30 123
30 125
30 126
30 129
30 130
30 131
30 132
30 135
30 136
30 138
30 139
30 141
30 142
30 145
30 147
30 148
30 150
30 152
30 153
30 154
30 155
30 156
30 157
30 162
30 166
30 169
30 172
30 173
30 174
30 177
30 180
30 182
30 184
30 185
30 186
30 189
30 192
30 193
30 194
30 197
30 202
30 203
30 206
30 207
30 209
30 212
30 213
30 214
30 215
30 218
30 219
30 222
30 223
30 224
30 226
30 231
30 232
30 233
30 235
30 238
30 240
30 242
30 247
31 32
31 33
31 34
31 35
31 41
31 44
31 45
31 46
31 54
31 56
31 57
31 58
31 59
31 64
31 67
31 68
31 76
31 77
31 78
31 80
31 84
31 85
31 86
31 88
31 98
31 103
31 104
31 105
31 107
31 110
31 113
31 114
31 119
31 120
31 123
31 125
31 129
31 130
31 132
31 135
31 136
31 138
31 139
31 141
31 145
31 147
31 150
31 153
31 154
31 155
31 156
31 157
31 162
31 166
31 169
31 172
31 173
31 174
31 177
31 180
31 182
31 184
31 186
31 189
31 192
31 193
31 194
31 202
31 203
31 206
31 207
31 209
31 212
31 213
31 214
31 215
31 218
31 219
31 222
31 223
31 224
31 232
31 235
31 238
31 240
31 242
32 33
32 34
32 35
32 41
32 44
32 46
32 54
32 56
32 57
32 59
32 64
32 67
32 68
32 76
32 77
32 78
32 80
32 85
32 98
32 103
32 104
32 107
32 110
32 119
32 120
32 125
32 129
32 130
32 132
32 135
32 136
32 138
32 139
32 141
32 145
32 147
32 153
32 154
32 155
32 156
32 157
32 162
32 169
32 173
32 177
32 180
32 182
32 184
32 186
32 189
32 193
32 194
32 202
32 203
32 206
32 207
32 213
32 214
32 215
32 218
32 219
32 222
32 223
32 224
32 232
32 235
32 238
32 240
33 34
33 35
33 44
33 54
33 56
33 57
33 80
33 85
33 119
33 129
33 132
33 138
33 145
33 147
33 155
33 157
33 182
33 214
33 222
33 235
34 35
34 41
34 44
34 54
34 56
34 57
34 58
34 64
34 77
34 78
34 80
34 85
34 98
34 104
34 107
34 119
34 123
34 129
34 130
34 132
34 135
34 136
34 138
34 145
34 147
34 153
34 155
34 156
34 157
34 179
34 180
34 182
34 184
34 186
34 189
34 193
34 194
34 203
34 206
34 207
34 214
34 215
34 218
34 219
34 222
34 223
34 231
34 235
34 238
34 242
35 41
35 44
35 54
35 56
35 57
35 58
35 69
35 77
35 78
35 80
35 85
35 100
35 101
35 109
35 116
35 119
35 122
35 123
35 129
35 132
35 135
35 138
35 145
35 147
35 155
35 157
35 179
35 182
35 184
35 189
35 190
35 193
35 194
35 200
35 203
35 205
35 207
35 214
35 215
35 218
35 219
35 222
35 223
35 231
35 235
35 242
39 51
39 53
39 90
39 167
39 191
41 77
41 78
41 135
41 155
41 157
41 182
41 214
41 222
42 46
42 49
42 51
42 64
42 81
42 90
42 93
42 108
42 157
42 192
42 194
42 240
43 46
43 64
43 67
43 68
43 125
43 154
43 157
43 180
43 186
43 192
43 194
43 218
43 222
43 238
43 240
44 138
44 182
44 214
44 222
45 155
45 157
45 182
45 222
46 47
46 49
46 51
46 59
46 60
46 64
46 66
46 67
46 68
46 70
46 74
46 76
46 78
46 79
46 81
46 84
46 86
46 90
46 93
46 94
46 95
46 106
46 108
46 113
46 114
46 117
46 125
46 126
46 139
46 142
46 148
46 150
46 152
46 154
46 155
46 156
46 157
46 163
46 172
46 174
46 177
46 180
46 182
46 183
46 186
46 187
46 192
46 194
46 204
46 206
46 218
46 222
46 224
46 226
46 238
46 240
46 244
46 247
47 64
47 67
47 68
47 114
47 125
47 154
47 156
47 157
47 180
47 186
47 194
47 206
47 218
47 222
47 238
47 240
48 240
49 51
49 60
49 64
49 66
49 67
49 68
49 74
49 79
49 81
49 90
49 93
49 94
49 106
49 108
49 111
49 125
49 126
49 140
49 150
49 152
49 154
49 157
49 163
49 180
49 186
49 192
49 194
49 199
49 216
49 218
49 220
49 222
49 238
49 240
49 244
50 51
50 90
50 94
50 192
50 240
51 53
51 60
51 61
51 63
51 64
51 66
51 67
51 68
51 72
51 74
51 79
51 81
51 82
51 87
51 90
51 93
51 94
51 106
51 108
51 111
51 115
51 125
51 126
51 137
51 140
51 146
51 150
51 152
51 154
51 157
51 158
51 163
51 164
51 167
51 180
51 186
51 188
51 191
51 192
51 194
51 196
51 198
51 199
51 201
51 211
51 216
51 218
51 220
51 222
51 227
51 237
51 238
51 240
51 244
51 249
53 63
53 90
53 94
53 121
53 160
53 167
53 191
53 192
53 216
53 240
54 57
54 69
54 80
54 85
54 100
54 101
54 109
54 119
54 122
54 132
54 145
54 147
54 184
54 190
54 193
54 200
54 203
54 205
54 207
54 219
54 223
54 235
54 242
57 80
57 85
57 119
57 145
57 193
57 200
57 203
57 205
57 207
57 219
57 223
59 64
59 67
59 68
59 76
59 84
59 114
59 125
59 139
59 154
59 155
59 156
59 157
59 174
59 177
59 180
59 182
59 186
59 194
59 206
59 218
59 222
59 224
59 238
59 240
60 64
60 67
60 68
60 74
60 81
60 93
60 125
60 126
60 150
60 154
60 157
60 162
60 180
60 186
60 192
60 194
60 218
60 222
60 238
60 240
61 90
61 94
61 192
61 216
61 240
63 64
63 72
63 82
63 87
63 90
63 93
63 94
63 115
63 158
63 167
63 191
63 192
63 198
63 201
63 216
63 220
63 227
63 237
63 240
64 66
64 67
64 68
64 70
64 73
64 74
64 76
64 77
64 78
64 79
64 81
64 84
64 86
64 90
64 93
64 94
64 95
64 98
64 103
64 106
64 108
64 110
64 111
64 113
64 114
64 115
64 117
64 120
64 125
64 126
64 127
64 133
64 139
64 140
64 142
64 148
64 150
64 152
64 153
64 154
64 155
64 156
64 157
64 163
64 164
64 169
64 171
64 172
64 173
64 174
64 177
64 180
64 182
64 183
64 186
64 187
64 192
64 194
64 198
64 199
64 204
64 206
64 211
64 216
64 218
64 220
64 222
64 224
64 226
64 238
64 240
64 244
64 247
64 249
66 68
66 81
66 90
66 93
66 108
66 157
66 180
66 192
66 194
66 240
67 68
67 74
67 76
67 77
67 78
67 79
67 81
67 84
67 86
67 90
67 93
67 95
67 103
67 106
67 108
67 113
67 114
67 117
67 125
67 126
67 139
67 142
67 148
67 150
67 152
67 153
67 154
67 155
67 156
67 157
67 169
67 172
67 174
67 177
67 180
67 182
67 186
67 192
67 194
67 206
67 218
67 222
67 224
67 226
67 238
67 240
67 247
68 70
68 74
68 76
68 79
68 81
68 84
68 86
68 90
68 93
68 95
68 106
68 108
68 113
68 114
68 117
68 125
68 126
68 150
68 152
68 154
68 155
68 156
68 157
68 172
68 174
68 177
68 180
68 182
68 186
68 187
68 192
68 194
68 206
68 218
68 222
68 224
68 226
68 238
68 240
68 247
69 193
69 203
70 157
70 180
70 186
70 194
70 238
70 240
72 87
72 90
72 94
72 167
72 191
72 192
72 198
72 201
72 216
72 220
72 227
72 240
73 157
73 194
73 240
74 79
74 81
74 90
74 93
74 106
74 108
74 114
74 125
74 126
74 150
74 152
74 154
74 156
74 157
74 180
74 186
74 192
74 194
74 206
74 218
74 222
74 226
74 238
74 240
76 78
76 84
76 86
76 113
76 114
76 125
76 139
76 154
76 155
76 156
76 157
76 174
76 177
76 180
76 182
76 186
76 192
76 194
76 206
76 218
76 222
76 224
76 238
76 240
77 78
77 98
77 125
77 135
77 153
77 154
77 155
77 156
77 157
77 169
77 173
77 180
77 182
77 186
77 194
77 206
77 214
77 218
77 222
77 238
78 98
78 103
78 125
78 135
78 153
78 154
78 155
78 156
78 157
78 169
78 173
78 180
78 182
78 186
78 194
78 206
78 214
78 218
78 222
78 238
79 81
79 93
79 125
79 126
79 157
79 180
79 186
79 192
79 194
79 238
79 240
80 85
80 119
80 145
80 193
80 203
80 207
80 219
80 223
81 90
81 93
81 94
81 106
81 108
81 111
81 114
81 125
81 126
81 140
81 150
81 152
81 154
81 156
81 157
81 163
81 180
81 186
81 192
81 194
81 216
81 218
81 220
81 222
81 238
81 240
81 244
82 90
82 93
82 94
82 192
82 198
82 216
82 220
82 240
83 90
84 114
84 125
84 154
84 156
84 157
84 174
84 180
84 182
84 186
84 194
84 206
84 218
84 222
84 238
84 240
85 119
85 145
85 219
85 223
86 114
86 125
86 154
86 156
86 157
86 180
86 186
86 194
86 206
86 218
86 222
86 238
86 240
87 90
87 93
87 94
87 158
87 167
87 191
87 192
87 198
87 201
87 216
87 220
87 227
87 240
89 90
90 93
90 94
90 108
90 111
90 115
90 121
90 125
90 126
90 137
90 140
90 146
90 157
90 158
90 160
90 163
90 164
90 167
90 180
90 186
90 191
90 192
90 194
90 196
90 198
90 201
90 216
90 218
90 220
90 222
90 227
90 237
90 238
90 240
90 244
90 249
93 94
93 106
93 108
93 111
93 115
93 125
93 126
93 140
93 150
93 152
93 154
93 157
93 158
93 163
93 164
93 180
93 186
93 188
93 192
93 194
93 198
93 199
93 211
93 216
93 218
93 220
93 222
93 238
93 240
93 244
93 249
94 108
94 111
94 115
94 137
94 157
94 158
94 164
94 167
94 191
94 192
94 194
94 196
94 198
94 201
94 216
94 220
94 227
94 237
94 240
94 244
95 125
95 157
95 180
95 186
95 192
95 194
95 218
95 222
95 238
95 240
96 240
98 155
98 156
98 157
98 182
98 186
98 194
98 218
98 222
101 193
102 192
102 240
103 125
103 155
103 156
103 157
103 180
103 182
103 186
103 194
103 206
103 218
103 222
103 238
104 182
106 125
106 150
106 154
106 157
106 180
106 186
106 192
106 194
106 218
106 222
106 238
106 240
108 111
108 125
108 126
108 140
108 157
108 163
108 164
108 180
108 186
108 192
108 194
108 216
108 220
108 238
108 240
108 244
108 249
109 193
109 203
110 155
110 156
110 157
110 182
110 186
110 194
110 206
110 218
110 222
111 157
111 192
111 194
111 216
111 220
111 240
111 261
113 125
113 154
113 156
113 157
113 180
113 186
113 194
113 206
113 218
113 222
113 238
113 240
114 125
114 150
114 154
114 156
114 157
114 172
114 174
114 180
114 182
114 186
114 192
114 194
114 206
114 218
114 222
114 226
114 238
114 240
115 162
115 192
115 198
115 216
115 220
115 240
117 125
117 154
117 157
117 180
117 186
117 194
117 218
117 222
117 238
117 240
119 132
119 145
119 147
119 184
119 193
119 203
119 207
119 219
119 223
119 235
119 242
120 155
120 156
120 157
120 182
120 186
120 194
120 206
120 218
120 222
121 167
125 126
125 139
125 142
125 148
125 150
125 152
125 153
125 154
125 155
125 156
125 157
125 169
125 172
125 174
125 177
125 180
125 182
125 186
125 192
125 194
125 206
125 218
125 222
125 224
125 226
125 238
125 240
125 247
126 154
126 157
126 180
126 186
126 192
126 194
126 218
126 222
126 238
126 240
129 182
130 182
135 155
135 157
135 182
135 194
135 214
135 218
135 222
136 155
136 157
136 182
136 222
137 162
137 192
137 216
137 240
138 182
139 154
139 155
139 156
139 157
139 177
139 180
139 182
139 186
139 194
139 206
139 218
139 222
139 238
139 240
140 157
140 192
140 194
140 240
142 157
142 180
142 186
142 194
142 238
142 240
146 192
146 240
148 154
148 157
148 180
148 186
148 194
148 218
148 222
148 238
148 240
149 240
150 154
150 156
150 157
150 180
150 186
150 192
150 194
150 206
150 218
150 222
150 226
150 238
150 240
152 154
152 157
152 180
152 186
152 192
152 194
152 218
152 222
152 238
152 240
153 154
153 155
153 156
153 157
153 169
153 173
153 180
153 182
153 186
153 194
153 206
153 218
153 222
153 238
154 155
154 156
154 157
154 172
154 174
154 177
154 180
154 182
154 186
154 192
154 194
154 206
154 218
154 222
154 224
154 226
154 238
154 240
154 247
155 156
155 157
155 169
155 173
155 174
155 177
155 180
155 182
155 186
155 194
155 206
155 214
155 218
155 222
155 224
155 232
155 238
155 240
156 157
156 169
156 172
156 173
156 174
156 177
156 180
156 182
156 186
156 192
156 194
156 206
156 218
156 222
156 224
156 226
156 238
156 240
157 163
157 169
157 171
157 172
157 173
157 174
157 176
157 177
157 180
157 182
157 183
157 186
157 187
157 192
157 194
157 199
157 204
157 206
157 212
157 214
157 216
157 218
157 220
157 222
157 224
157 226
157 232
157 238
157 240
157 244
157 247
158 192
158 198
158 216
158 220
158 240
160 167
163 192
163 194
163 240
164 192
164 194
164 216
164 220
164 240
167 191
167 192
167 216
167 240
169 180
169 182
169 186
169 194
169 206
169 218
169 222
169 238
171 194
171 240
172 180
172 186
172 192
172 194
172 206
172 218
172 222
172 238
172 240
173 180
173 182
173 186
173 194
173 206
173 218
173 222
174 180
174 182
174 186
174 194
174 206
174 218
174 222
174 238
174 240
177 180
177 182
177 186
177 194
177 206
177 218
177 222
177 224
177 238
177 240
180 182
180 186
180 187
180 192
180 194
180 204
180 206
180 218
180 222
180 224
180 226
180 238
180 240
180 247
182 186
182 194
182 202
182 206
182 214
182 218
182 222
182 224
182 232
182 238
182 240
183 192
183 194
183 240
186 192
186 194
186 206
186 212
186 218
186 222
186 224
186 226
186 238
186 240
186 247
187 192
187 194
187 240
188 192
188 240
191 192
191 201
191 216
191 240
192 194
192 196
192 198
192 199
192 201
192 206
192 211
192 216
192 218
192 220
192 222
192 226
192 227
192 237
192 238
192 240
192 244
192 249
193 200
193 203
193 205
193 207
194 199
194 204
194 206
194 212
194 216
194 218
194 220
194 222
194 224
194 226
194 238
194 240
194 244
194 247
196 216
198 201
198 216
198 220
198 227
198 237
198 240
199 240
200 203
201 216
201 240
202 222
203 205
203 207
206 218
206 222
206 224
206 226
206 238
206 240
211 240
212 218
212 222
214 218
214 222
216 220
216 227
216 237
216 240
218 222
218 224
218 226
218 238
218 240
218 247
220 237
220 240
222 224
222 226
222 232
222 238
222 240
222 247
222 272
224 238
224 240
226 238
226 240
227 240
237 240
238 240
238 247
240 244
240 246
240 247
240 249
250 251
252 253
254 255
256 257
259 260
262 263
264 265
266 267
268 269
270 271
