1299 2773
0 1
0 2
0 3
1 4
1 637
1 648
1 676
1 877
1 878
1 879
2 941
3 92
3 941
4 5
5 92
5 880
6 7
7 79
7 80
7 81
7 82
7 84
7 367
8 9
8 10
8 11
8 12
8 13
8 14
8 15
9 334
9 335
9 336
9 340
9 341
9 342
9 387
9 552
9 567
9 696
9 722
9 932
9 1025
9 1058
9 1059
9 1060
9 1061
9 1062
9 1063
16 17
16 18
16 19
17 18
17 181
18 19
18 149
18 170
18 212
18 233
18 288
18 405
18 774
20 21
20 22
20 23
20 24
20 25
20 26
20 27
20 28
20 29
20 30
20 31
21 22
21 23
21 24
21 25
21 26
21 27
21 28
21 29
21 30
21 31
22 23
22 24
22 25
22 26
22 27
22 28
22 29
22 30
22 31
23 24
23 25
23 26
23 27
23 28
23 29
23 30
23 31
24 25
24 26
24 27
24 28
24 29
24 30
24 31
25 26
25 27
25 28
25 29
25 30
25 31
25 457
26 27
26 28
26 29
26 30
26 31
27 28
27 29
27 30
27 31
28 29
28 30
28 31
29 30
29 31
30 31
32 33
33 274
33 275
33 276
33 277
33 278
33 279
33 280
34 35
34 36
36 167
36 388
36 523
36 524
36 525
36 526
36 527
36 528
36 529
36 530
36 531
36 532
36 533
37 38
38 138
39 40
39 41
40 41
40 95
40 96
40 97
40 98
40 103
40 109
40 362
40 363
40 427
40 439
40 440
40 576
40 609
40 610
40 611
40 730
40 769
40 871
40 952
40 968
40 1001
40 1019
40 1027
40 1028
40 1029
40 1030
40 1031
40 1032
40 1033
40 1034
40 1035
40 1036
40 1037
40 1038
40 1039
40 1040
40 1041
40 1042
40 1043
40 1044
40 1045
40 1046
42 43
43 178
43 217
43 675
43 720
43 721
44 45
44 46
44 47
44 48
44 49
44 50
44 51
44 52
44 53
44 54
44 55
44 56
44 57
44 58
44 59
44 60
45 46
45 47
45 48
45 49
45 50
45 51
45 52
45 53
45 54
45 55
45 56
45 57
45 58
45 59
45 60
46 47
46 48
46 50
46 51
46 52
46 53
46 54
46 55
46 56
46 57
46 58
46 59
46 60
47 48
47 50
47 51
47 52
47 53
47 54
47 55
47 56
47 57
47 58
47 59
47 60
48 49
48 50
48 51
48 52
48 53
48 54
48 55
48 56
48 57
48 58
48 59
48 60
48 695
48 790
48 794
48 815
48 816
48 817
48 818
48 819
48 820
49 52
49 54
49 56
49 820
49 827
49 828
50 51
50 52
50 53
50 54
50 55
50 56
50 57
50 58
50 59
50 60
51 52
51 53
51 54
51 55
51 56
51 57
51 58
51 59
51 60
51 980
52 53
52 54
52 55
52 56
52 57
52 58
52 59
52 60
52 165
52 176
53 54
53 55
53 56
53 57
53 58
53 59
53 60
54 55
54 56
54 57
54 58
54 59
54 60
55 56
55 57
55 58
55 59
55 60
56 57
56 58
56 59
56 60
56 827
57 58
57 59
57 60
58 59
58 60
58 790
58 794
59 60
59 790
59 794
61 62
61 63
62 1236
62 1263
63 164
63 386
63 606
63 829
63 875
63 1155
63 1213
63 1222
63 1250
63 1275
63 1276
64 65
64 66
64 67
64 68
64 69
64 70
64 71
64 72
64 73
64 74
64 75
64 76
64 77
64 78
65 66
65 67
65 68
65 69
65 70
65 71
65 72
65 73
65 74
65 75
65 76
65 77
65 78
66 67
66 68
66 69
66 70
66 71
66 72
66 73
66 74
66 75
66 76
66 77
66 78
67 68
67 69
67 70
67 71
67 72
67 73
67 74
67 75
67 76
67 77
67 78
68 69
68 70
68 71
68 72
68 73
68 74
68 75
68 76
68 77
68 78
69 70
69 71
69 72
69 73
69 74
69 75
69 76
69 77
69 78
70 71
70 72
70 73
70 74
70 75
70 76
70 77
70 78
71 72
71 73
71 74
71 75
71 76
71 77
71 78
72 73
72 74
72 75
72 76
72 77
72 78
73 74
73 75
73 76
73 77
73 78
74 75
74 76
74 77
74 78
75 76
75 77
75 78
76 77
76 78
77 78
78 138
78 348
79 80
79 81
79 82
79 83
79 84
80 81
80 82
80 84
81 82
81 84
82 84
83 84
83 115
83 653
83 1147
84 172
84 367
84 471
84 558
84 643
84 728
84 729
84 900
84 998
85 86
86 134
86 218
86 551
86 612
86 673
86 1078
86 1082
86 1194
86 1280
86 1286
86 1296
87 88
88 109
88 565
88 784
88 868
88 1106
88 1196
88 1248
88 1251
88 1288
88 1298
89 90
90 247
91 92
92 109
92 179
92 389
92 441
92 503
92 504
92 636
92 649
92 675
92 691
92 765
92 832
92 907
92 908
92 909
92 948
92 967
92 1020
92 1050
92 1075
92 1076
92 1077
93 94
94 100
94 101
95 96
95 97
95 98
97 98
99 100
99 101
100 120
100 141
100 268
100 444
100 561
100 562
100 579
100 838
100 901
100 1136
100 1173
101 120
101 141
101 268
101 269
101 444
101 901
101 1173
102 103
103 152
103 160
103 1047
103 1271
104 105
105 109
105 180
105 306
105 882
105 1015
105 1016
105 1017
105 1018
106 107
107 152
107 464
107 668
107 669
107 670
107 671
107 672
108 109
109 152
109 160
109 184
109 249
109 284
109 285
109 286
109 287
109 288
109 289
109 290
109 291
109 292
109 293
109 294
109 295
109 296
109 297
109 298
109 299
109 300
109 301
109 302
109 303
109 304
109 305
109 306
109 307
109 308
109 309
109 310
109 311
109 312
109 313
109 314
109 315
109 316
109 317
109 318
109 319
109 320
109 321
109 322
109 323
109 324
109 325
109 326
109 327
109 328
109 329
109 330
109 331
109 332
109 333
110 111
110 112
110 113
110 114
110 115
110 116
111 112
111 113
111 114
111 115
111 116
112 113
112 114
112 115
112 116
113 114
113 115
113 116
113 993
114 115
114 116
115 116
115 247
115 1186
117 118
118 564
118 645
118 646
119 120
120 399
120 616
120 635
120 876
120 1123
120 1152
120 1172
120 1237
120 1268
121 122
121 123
121 124
121 125
121 126
121 127
121 128
121 129
121 130
121 131
121 132
121 133
122 123
122 126
122 129
122 130
122 131
122 132
122 133
122 629
122 630
122 631
122 632
123 125
123 126
123 128
123 129
123 131
123 132
123 133
123 158
123 797
123 798
123 799
123 800
123 801
124 125
124 128
125 129
126 129
126 130
126 131
126 132
126 133
126 629
126 630
126 631
126 632
127 128
127 129
127 130
127 966
127 990
127 991
127 992
128 129
128 130
128 133
128 991
129 130
129 131
129 132
129 133
129 630
129 631
129 991
130 131
130 132
130 133
131 132
131 133
131 629
131 630
131 631
131 632
132 133
132 630
132 631
132 632
133 630
133 631
133 991
135 136
136 152
136 160
136 357
137 138
137 139
138 152
138 160
138 191
138 192
138 193
138 195
138 196
138 197
138 276
138 278
138 279
138 280
138 350
138 395
138 430
138 433
138 482
138 483
138 484
138 485
138 486
138 487
138 488
138 489
138 490
138 491
138 492
138 493
138 494
138 495
138 496
138 497
138 498
138 499
139 290
139 308
139 317
139 322
139 325
139 333
139 473
139 474
139 475
139 482
139 486
139 971
139 1117
139 1143
139 1228
140 141
141 562
141 563
141 902
141 915
141 1024
141 1136
141 1137
141 1138
142 143
142 144
142 145
142 146
142 147
142 148
142 149
142 150
142 151
143 144
143 145
143 146
143 147
143 148
143 149
143 150
143 151
144 145
144 146
144 147
144 148
144 149
144 150
144 151
145 146
145 147
145 148
145 149
145 150
145 151
146 147
146 148
146 149
146 150
146 151
147 148
147 149
147 150
147 151
147 1180
148 149
148 150
148 151
148 1095
149 150
149 151
149 216
149 912
149 913
150 151
152 153
152 154
152 155
152 156
152 157
152 158
152 159
152 160
152 161
152 162
152 163
152 164
152 165
152 166
152 167
152 168
152 169
152 170
152 171
152 172
152 173
152 174
152 175
152 176
154 160
154 173
154 347
154 348
155 387
156 159
156 160
156 182
156 382
157 581
158 160
158 256
158 592
158 593
158 594
158 595
158 596
159 426
159 574
159 600
159 601
159 602
159 603
159 604
159 605
160 166
160 167
160 168
160 169
160 170
160 173
160 174
160 347
160 595
160 633
160 634
161 171
162 174
163 169
165 1025
165 1026
166 189
166 1122
167 195
167 200
167 361
167 502
167 510
167 678
167 680
167 793
167 808
167 810
167 835
167 840
167 846
167 870
167 872
167 911
167 947
167 950
167 969
167 984
167 995
167 1053
167 1073
167 1146
167 1181
167 1230
167 1231
167 1232
167 1233
168 254
168 393
168 970
168 1154
168 1218
168 1239
168 1240
168 1241
168 1242
168 1243
168 1244
168 1245
169 1129
169 1188
169 1216
169 1220
170 770
171 283
171 803
171 844
171 959
171 1094
171 1253
171 1282
171 1289
171 1290
172 558
172 643
172 729
172 891
172 893
172 900
173 175
173 348
173 450
173 1049
174 582
174 822
174 981
174 982
174 983
174 1277
174 1295
175 1049
176 413
176 415
176 419
176 429
176 457
176 469
176 704
176 722
176 733
176 736
176 737
176 738
176 741
176 746
176 747
176 751
176 754
176 755
176 756
176 759
176 761
176 806
176 1066
176 1174
177 178
177 179
178 522
178 638
178 689
178 880
178 941
178 942
178 943
179 879
183 184
184 323
184 536
184 553
184 903
184 945
184 1003
184 1004
184 1005
184 1006
184 1007
184 1008
184 1009
184 1010
185 186
185 187
185 188
187 413
187 415
187 592
189 190
191 192
191 193
191 194
191 195
191 196
191 197
192 193
192 195
192 196
192 197
192 258
192 259
192 260
192 261
192 262
192 263
192 264
192 265
192 266
192 267
193 195
193 196
193 197
193 420
193 421
193 422
193 423
193 424
195 196
195 197
195 608
195 1127
195 1214
196 197
196 458
196 459
196 460
196 461
196 462
196 463
197 373
197 374
197 375
197 376
197 377
197 378
197 379
197 380
198 199
198 200
200 687
200 808
200 839
200 1279
201 202
201 203
201 204
201 205
201 206
201 207
201 208
201 209
201 210
201 211
202 203
202 206
202 416
202 417
203 206
210 476
212 213
212 214
212 215
212 216
213 405
214 233
215 774
219 220
219 221
219 222
219 223
219 224
219 225
219 226
220 221
220 222
220 223
220 224
220 225
220 226
221 222
221 223
221 224
221 225
221 226
222 223
222 224
222 225
222 226
223 224
223 225
223 226
224 225
224 226
225 226
226 229
226 230
226 231
226 232
226 233
226 234
226 235
226 237
226 238
227 228
228 390
228 391
228 392
228 393
228 394
229 230
229 231
229 232
229 233
229 234
229 235
229 236
229 237
229 238
230 231
230 232
230 233
230 234
230 235
230 237
230 238
231 232
231 233
231 234
231 235
231 237
231 238
232 233
232 234
232 235
232 237
232 238
232 465
232 466
232 467
233 234
233 235
233 237
233 238
233 785
233 786
234 235
234 237
234 238
235 237
235 238
237 238
238 785
239 240
239 241
239 242
239 243
239 244
239 245
239 246
239 247
239 248
247 481
247 937
247 1107
250 251
250 252
251 252
251 500
251 501
251 617
251 618
251 619
251 620
251 621
251 622
251 623
251 624
251 625
251 626
251 627
251 628
253 254
254 836
254 837
255 256
255 257
256 257
256 802
257 802
258 259
258 260
258 261
258 262
258 263
258 264
258 265
258 266
258 267
259 260
259 261
259 262
259 263
259 264
259 265
259 266
259 267
260 261
260 262
260 263
260 264
260 265
260 266
260 267
261 262
261 263
261 264
261 265
261 266
261 267
262 263
262 264
262 265
262 266
262 267
263 264
263 265
263 266
263 267
264 265
264 266
264 267
265 266
265 267
266 267
268 269
270 271
270 272
270 273
271 272
272 273
272 351
272 813
272 846
272 1134
272 1153
272 1190
272 1211
272 1225
272 1249
272 1262
276 278
276 279
276 280
278 279
278 280
279 280
280 1078
281 282
281 283
282 283
287 452
287 453
289 470
289 471
289 472
290 473
290 474
294 823
294 824
294 825
295 833
301 472
301 910
301 953
301 954
301 955
301 956
301 957
302 595
307 809
307 1099
307 1100
307 1101
307 1102
307 1103
307 1104
313 535
313 1098
313 1169
314 319
314 472
314 1171
315 371
318 933
328 1158
331 472
334 335
334 336
334 337
334 338
334 339
334 340
334 341
334 342
334 343
334 344
334 345
334 346
335 336
335 340
335 341
335 342
335 551
335 552
336 340
336 341
336 342
336 551
336 667
336 1067
336 1068
336 1069
336 1070
340 341
340 342
340 551
340 1135
341 342
341 673
341 972
341 1142
348 537
348 538
348 539
348 540
348 541
348 542
348 543
348 544
348 545
348 546
348 547
348 548
348 549
348 550
348 979
349 350
350 358
350 444
350 666
350 1273
352 353
352 354
353 354
354 469
354 914
355 356
356 646
356 814
359 360
359 361
360 361
362 363
364 365
364 366
364 367
364 368
364 369
364 370
365 366
365 368
365 369
365 370
366 368
366 369
366 370
367 558
367 640
367 643
367 729
367 896
367 900
368 369
368 370
369 370
371 372
372 771
372 772
372 773
372 774
372 775
372 776
372 777
372 778
372 779
372 780
373 374
373 375
373 376
373 377
373 378
373 379
373 380
374 375
374 376
374 377
374 378
374 379
374 380
375 376
375 377
375 378
375 379
375 380
376 377
376 378
376 379
376 380
377 378
377 379
377 380
378 379
378 380
379 380
381 382
381 383
381 384
382 383
382 384
382 650
382 651
382 652
382 787
382 788
382 789
382 843
382 916
382 917
382 918
382 919
382 920
382 921
382 922
382 923
382 924
382 925
382 926
382 927
382 928
382 929
382 930
382 931
384 919
385 386
386 655
386 656
386 657
386 658
386 659
386 660
386 661
386 662
386 663
386 664
386 665
393 570
393 1071
395 396
396 764
396 897
396 1088
397 398
397 399
397 400
397 401
398 399
398 400
398 401
399 400
399 401
400 401
402 403
402 404
402 405
402 406
402 407
402 408
402 409
402 410
402 411
403 404
403 405
403 406
403 407
403 408
403 409
403 410
403 411
404 405
404 406
404 407
404 408
404 409
404 410
404 411
405 406
405 407
405 408
405 409
405 410
405 411
405 693
405 694
406 407
406 408
406 409
406 410
406 411
407 408
407 409
407 410
407 411
408 409
408 410
408 411
409 410
409 411
410 411
412 413
412 414
412 415
413 415
413 419
413 429
413 469
413 476
413 479
413 577
413 644
413 685
413 716
413 723
413 724
413 731
413 732
413 733
413 734
413 735
413 736
413 737
413 738
413 739
413 740
413 741
413 742
413 743
413 744
413 745
413 746
413 747
413 748
413 749
413 750
413 751
413 752
413 753
413 754
413 755
413 756
413 757
413 758
413 759
413 760
413 761
413 762
415 419
415 429
415 469
415 476
415 479
415 577
415 685
415 716
415 723
415 724
415 731
415 732
415 733
415 734
415 736
415 737
415 738
415 740
415 741
415 743
415 745
415 746
415 747
415 748
415 749
415 751
415 752
415 754
415 755
415 756
415 757
415 758
415 759
415 761
415 762
415 1012
415 1119
415 1120
415 1140
415 1189
415 1226
418 419
419 429
419 469
419 733
419 736
419 737
419 738
419 741
419 742
419 746
419 747
419 751
419 754
419 755
419 756
419 759
419 761
419 1119
420 421
420 422
420 423
420 424
420 425
421 422
421 423
421 424
422 423
422 424
423 424
428 429
429 468
429 469
429 566
429 733
429 736
429 737
429 738
429 741
429 746
429 747
429 751
429 754
429 755
429 756
429 759
429 761
429 1139
430 431
430 432
430 433
432 433
433 1074
434 435
434 436
434 437
434 438
435 436
435 437
436 437
437 647
437 804
437 831
437 904
437 1178
437 1182
437 1183
438 575
439 440
440 1041
442 443
443 679
443 680
443 682
443 683
443 684
443 869
443 975
443 976
443 977
443 978
443 985
443 986
443 987
443 1087
443 1109
443 1156
443 1159
443 1197
443 1198
443 1199
443 1200
443 1201
443 1202
443 1203
443 1204
443 1205
444 445
444 446
444 447
444 448
444 449
444 450
444 451
452 453
452 1126
454 455
455 509
455 510
455 511
455 512
455 514
455 515
455 516
455 517
455 518
455 856
455 857
456 457
457 508
457 781
457 782
457 783
458 459
458 460
458 461
458 462
458 463
459 460
459 461
459 462
459 463
459 519
459 520
460 461
460 462
460 463
461 462
461 463
462 463
465 466
465 467
466 467
468 469
469 733
469 736
469 737
469 738
469 741
469 746
469 747
469 751
469 754
469 755
469 756
469 759
469 761
469 1108
470 766
470 767
470 768
470 1207
471 643
471 728
472 1171
477 478
478 835
478 1014
478 1093
478 1096
478 1118
478 1177
478 1195
478 1255
478 1257
478 1258
478 1259
478 1260
478 1261
479 480
483 795
484 488
489 887
489 1057
493 791
498 595
500 501
500 502
502 619
502 621
502 623
502 628
502 1238
503 504
505 506
506 597
506 598
506 846
506 1266
506 1267
506 1291
507 508
508 591
508 607
508 674
508 940
508 958
508 974
508 1056
508 1065
508 1080
508 1083
508 1110
508 1111
508 1112
508 1113
508 1114
509 510
509 511
509 512
509 513
509 514
509 515
509 516
509 517
509 518
510 511
510 512
510 514
510 515
510 516
510 517
510 518
510 568
511 512
511 514
511 515
511 516
511 517
511 518
512 514
512 515
512 516
512 517
512 518
514 515
514 516
514 517
514 518
515 516
515 517
515 518
515 1021
515 1192
516 517
516 518
516 1021
516 1192
517 518
518 568
521 522
522 649
522 1011
522 1287
529 1208
534 535
535 580
535 763
535 951
535 1097
535 1098
537 538
537 539
537 540
537 541
537 542
537 543
537 544
537 545
537 546
537 547
537 548
537 549
537 550
538 539
538 540
538 541
538 542
538 543
538 544
538 545
538 546
538 547
538 548
538 549
538 550
539 540
539 541
539 542
539 543
539 544
539 545
539 546
539 547
539 548
539 549
539 550
540 541
540 542
540 543
540 544
540 545
540 546
540 547
540 548
540 549
540 550
541 542
541 543
541 544
541 545
541 546
541 547
541 548
541 549
541 550
542 543
542 544
542 545
542 546
542 547
542 548
542 549
542 550
543 544
543 545
543 546
543 547
543 548
543 549
543 550
544 545
544 546
544 547
544 548
544 549
544 550
545 546
545 547
545 548
545 549
545 550
546 547
546 548
546 549
546 550
547 548
547 549
547 550
548 549
548 550
549 550
554 555
554 556
554 557
554 558
554 559
554 560
555 556
555 557
555 558
555 560
556 557
556 558
556 560
557 558
557 560
558 560
558 643
558 728
558 729
558 900
558 998
561 562
561 563
562 563
569 570
570 1191
570 1283
570 1284
571 572
571 573
572 582
572 583
572 584
572 585
572 586
572 587
572 588
573 588
573 718
573 719
574 575
578 579
579 681
579 1145
579 1170
581 900
582 583
582 584
582 585
582 586
582 587
583 584
583 585
583 586
583 587
584 585
584 586
584 587
584 1002
585 586
585 587
585 1002
586 587
587 1002
589 590
589 591
590 591
591 934
591 988
592 595
594 1144
595 1124
595 1160
595 1167
595 1168
597 598
597 599
598 599
598 846
599 846
609 610
609 611
611 1019
613 614
613 615
614 615
614 796
614 842
614 881
614 947
614 1054
614 1055
614 1130
614 1131
614 1132
614 1133
617 628
623 624
629 630
629 631
629 632
630 631
630 632
631 632
636 637
636 638
639 640
639 641
639 642
639 643
640 641
640 642
640 643
641 642
641 643
642 643
643 728
643 729
643 900
643 998
646 1071
646 1252
648 649
650 651
650 652
651 843
652 925
653 654
656 830
657 661
657 847
658 662
661 1116
662 1116
665 1246
665 1256
665 1269
665 1297
668 669
668 670
668 671
669 670
669 671
670 671
675 676
677 678
678 944
678 1051
679 680
680 978
680 987
680 989
680 1197
680 1198
680 1199
680 1200
680 1202
680 1203
680 1204
680 1205
680 1233
682 683
682 684
683 684
683 975
683 976
683 977
683 978
683 1087
684 975
684 976
684 977
684 978
684 1087
685 686
687 688
688 1081
689 690
689 691
689 692
691 877
693 694
697 698
697 699
697 700
697 701
697 702
697 703
697 704
697 705
697 706
697 707
697 708
697 709
697 710
697 711
697 712
698 699
698 700
698 701
698 702
698 703
698 704
698 705
698 706
698 707
698 708
698 709
698 710
698 711
698 712
699 700
699 701
699 702
699 703
699 704
699 705
699 706
699 707
699 708
699 709
699 710
699 711
699 712
700 701
700 702
700 703
700 704
700 705
700 706
700 707
700 708
700 709
700 710
700 711
700 712
701 702
701 703
701 704
701 705
701 706
701 707
701 708
701 709
701 710
701 711
701 712
702 703
702 704
702 705
702 706
702 707
702 708
702 709
702 710
702 711
702 712
703 704
703 705
703 706
703 707
703 708
703 709
703 710
703 711
703 712
704 705
704 706
704 707
704 708
704 709
704 710
704 711
704 712
704 751
704 754
705 706
705 707
705 708
705 709
705 710
705 711
705 712
706 707
706 708
706 709
706 710
706 711
706 712
707 708
707 709
707 710
707 711
707 712
708 709
708 710
708 711
708 712
709 710
709 711
709 712
710 711
710 712
711 712
713 714
713 715
713 716
713 717
714 715
714 716
715 716
722 723
722 724
722 725
722 726
725 1048
727 728
727 729
728 729
728 865
728 887
728 888
728 889
728 890
728 891
728 892
728 893
728 894
728 895
728 896
728 897
728 898
728 899
728 900
729 888
729 900
729 996
729 997
729 998
729 999
733 736
733 737
733 738
733 741
733 746
733 747
733 751
733 754
733 755
733 756
733 759
733 760
733 761
734 741
734 754
734 755
734 761
736 737
736 738
736 741
736 746
736 747
736 751
736 754
736 755
736 756
736 759
736 761
737 738
737 741
737 746
737 747
737 751
737 754
737 755
737 756
737 761
738 741
738 746
738 747
738 751
738 754
738 755
738 756
738 759
738 761
738 1086
741 743
741 746
741 747
741 751
741 754
741 755
741 756
741 759
741 761
741 1086
741 1120
746 747
746 751
746 754
746 755
746 756
746 759
746 761
747 751
747 754
747 755
747 756
747 759
747 761
747 1086
747 1105
747 1189
748 1209
749 761
749 1210
751 754
751 755
751 756
751 759
751 761
751 1174
754 755
754 756
754 759
754 761
755 756
755 759
755 761
756 759
756 761
756 1105
756 1120
756 1215
756 1226
756 1278
759 761
759 1105
759 1189
759 1278
761 1012
761 1119
761 1120
761 1226
766 767
766 768
771 772
771 773
771 774
771 775
771 776
771 777
771 778
771 779
771 780
772 773
772 774
772 775
772 776
772 777
772 778
772 779
772 780
773 774
773 775
773 776
773 777
773 778
773 779
773 780
774 775
774 776
774 777
774 778
774 779
774 780
774 1148
774 1149
775 776
775 777
775 778
775 779
775 780
776 777
776 778
776 779
776 780
776 1072
777 778
777 779
777 780
778 779
778 780
779 780
785 786
787 788
787 789
788 922
789 920
792 793
793 848
793 849
793 850
805 806
806 883
806 884
806 885
806 886
806 1151
806 1254
807 808
808 1073
808 1184
808 1185
810 811
810 812
816 818
818 1175
821 822
822 826
822 1223
822 1292
823 824
823 825
824 825
834 835
835 1023
835 1179
835 1224
839 840
839 841
843 926
845 846
846 858
846 859
846 860
846 861
846 862
846 863
850 949
851 852
851 853
851 854
851 855
852 853
852 854
852 855
852 973
852 974
853 854
853 855
853 973
854 855
854 973
855 973
859 862
859 1064
861 1153
864 865
864 866
864 867
865 866
865 867
866 867
869 870
870 1109
873 874
873 875
874 875
875 1079
875 1092
875 1176
877 905
877 906
878 1020
883 884
883 885
883 886
884 886
885 886
886 1151
887 889
888 998
894 900
894 1221
896 900
896 1221
896 1247
898 900
900 998
900 1221
900 1247
900 1281
908 909
912 913
916 925
916 930
917 924
917 930
918 923
918 924
919 921
921 923
922 927
926 929
927 928
928 931
934 935
936 937
936 938
936 939
937 938
937 939
937 960
937 961
937 962
937 963
937 964
937 965
941 1125
942 1020
943 1075
946 947
947 1000
947 1161
947 1162
947 1163
947 1164
947 1165
947 1166
960 965
961 962
961 965
963 964
975 976
975 977
975 978
976 977
976 978
977 978
977 1087
978 987
978 1197
978 1202
978 1204
981 982
981 983
982 983
985 986
985 987
986 987
986 1156
986 1201
987 1197
987 1202
987 1204
994 995
995 1084
995 1085
996 997
996 999
997 999
1012 1013
1013 1091
1013 1274
1022 1023
1029 1038
1051 1052
1054 1055
1075 1115
1088 1089
1088 1090
1100 1206
1103 1206
1110 1112
1121 1122
1122 1150
1122 1193
1122 1229
1122 1272
1122 1285
1122 1293
1122 1294
1128 1129
1129 1216
1135 1194
1140 1141
1148 1149
1157 1158
1158 1212
1187 1188
1192 1270
1197 1199
1197 1202
1197 1204
1202 1204
1217 1218
1218 1227
1218 1234
1218 1264
1218 1265
1219 1220
1220 1235
1221 1247
1266 1267
1267 1291
