3031 6474
0 1
0 2
0 3
1 5
1 15
1 16
1 17
1 18
1 20
1 21
1 22
1 23
1 24
1 25
1 26
1 27
1 28
1 29
1 30
1 31
1 32
1 33
1 34
1 35
1 36
1 37
1 38
1 39
1 40
1 41
1 42
1 43
1 44
1 45
1 46
1 47
2 3
2 2908
2 2909
2 2910
2 2911
2 2912
2 2913
2 2914
2 2915
2 2916
2 2919
2 2922
2 2924
2 2929
2 2931
2 2933
2 2950
2 2951
2 2954
2 2957
2 2964
2 2965
2 2967
2 2968
2 2969
2 2970
2 2971
2 2972
2 2973
2 2976
2 3011
2 3013
2 3014
2 3015
2 3017
2 3018
2 3021
2 3023
2 3024
2 3026
2 3027
2 3028
3 2908
3 2909
3 2910
3 2911
3 2912
3 2914
3 2915
3 2919
3 3022
3 3023
3 3029
4 5
4 6
4 7
4 8
4 9
4 10
4 11
4 12
4 13
4 14
5 6
5 7
5 8
5 9
5 10
5 11
5 12
5 13
5 14
5 15
5 16
6 7
6 8
6 9
6 10
6 11
6 12
6 13
6 14
7 8
7 9
7 10
7 11
7 12
7 13
7 14
8 9
8 10
8 11
8 12
8 13
8 14
9 10
9 11
9 12
9 13
9 14
10 11
10 12
10 13
10 14
11 12
11 13
11 14
12 13
12 14
13 14
14 34
14 103
15 16
15 20
15 22
15 31
15 32
15 33
15 34
15 35
15 37
15 40
15 41
15 42
15 44
15 45
15 47
15 186
15 242
15 244
15 246
15 263
15 269
16 20
16 30
16 31
16 32
16 33
16 34
16 35
16 37
16 40
16 41
16 42
16 43
16 44
16 45
16 47
16 100
16 102
16 105
16 248
16 250
16 252
16 254
16 256
16 258
16 259
16 261
16 263
16 265
16 267
16 269
16 272
16 366
16 370
16 372
16 374
16 376
16 378
16 380
16 382
16 384
16 386
16 388
16 390
16 392
16 394
16 396
16 398
16 400
16 402
16 406
16 410
17 18
19 20
20 31
20 32
20 33
20 34
20 35
20 37
20 40
20 41
20 42
20 44
20 45
20 46
20 47
20 107
20 117
20 244
20 417
20 488
20 2876
20 2877
20 2878
20 2879
20 2880
20 2881
20 2882
23 34
24 41
28 34
28 64
28 65
28 66
28 67
28 68
28 69
28 70
28 71
28 72
28 73
28 74
28 75
28 76
28 77
28 78
28 79
28 80
28 81
28 82
28 83
29 48
29 49
29 50
29 51
29 52
29 53
29 54
29 55
29 56
29 57
29 58
29 59
29 60
29 61
29 62
29 63
30 85
30 86
30 87
30 88
30 89
30 90
30 91
30 92
30 93
31 32
31 33
31 34
31 35
31 37
31 40
31 41
31 42
31 44
31 45
31 47
31 94
32 33
32 34
32 35
32 37
32 40
32 41
32 42
32 44
32 45
32 47
32 84
32 95
32 519
33 34
33 35
33 37
33 40
33 41
33 42
33 44
33 45
33 47
33 96
34 35
34 37
34 40
34 41
34 42
34 44
34 45
34 47
34 97
34 107
34 110
34 112
34 115
34 117
34 121
34 196
34 246
34 254
34 256
34 263
34 274
34 276
34 278
34 280
34 282
34 284
34 286
34 288
34 290
34 292
34 294
34 296
34 298
34 300
34 302
34 304
34 306
34 308
34 310
34 314
34 316
34 318
34 324
34 326
34 330
34 332
34 334
34 338
34 342
34 348
34 356
34 362
34 364
34 378
34 404
34 412
34 415
34 419
34 421
34 492
34 518
34 520
34 521
35 37
35 40
35 41
35 42
35 44
35 45
35 47
35 98
35 112
35 220
35 263
35 429
35 432
35 484
35 492
35 522
35 523
35 524
35 525
35 526
35 527
35 528
37 40
37 41
37 42
37 44
37 45
37 47
37 108
40 41
40 42
40 44
40 45
40 47
40 113
40 529
41 42
41 44
41 45
41 47
41 50
41 61
41 115
41 119
41 123
41 125
41 127
41 129
41 131
41 133
41 135
41 137
41 139
41 141
41 143
41 145
41 147
41 149
41 151
41 152
41 154
41 156
41 158
41 160
41 162
41 164
41 166
41 168
41 170
41 172
41 174
41 176
41 178
41 180
41 182
41 184
41 186
41 188
41 190
41 192
41 194
41 196
41 198
41 200
41 202
41 204
41 206
41 208
41 210
41 212
41 214
41 216
41 218
41 220
41 222
41 224
41 226
41 228
41 230
41 232
41 234
41 236
41 238
41 240
41 244
41 415
41 531
41 532
42 44
42 45
42 47
42 107
42 117
42 241
42 244
42 263
42 535
42 536
43 270
43 272
43 530
44 45
44 47
44 254
44 256
44 258
44 274
44 276
44 278
44 280
44 282
44 284
44 286
44 288
44 290
44 292
44 294
44 296
44 298
44 300
44 302
44 304
44 306
44 308
44 310
44 312
44 314
44 316
44 318
44 320
44 322
44 324
44 326
44 328
44 330
44 332
44 334
44 336
44 338
44 340
44 342
44 344
44 346
44 348
44 350
44 352
44 354
44 356
44 358
44 360
44 362
44 364
44 366
44 368
44 378
44 406
44 408
44 413
44 553
44 554
44 568
44 583
44 584
44 585
44 638
44 639
44 640
44 641
44 642
44 677
44 810
44 835
44 836
44 837
44 838
44 839
44 875
44 981
44 982
44 983
44 984
44 985
44 986
44 987
44 988
44 989
44 1048
44 1049
44 1203
44 1204
44 1353
44 2875
45 47
45 416
47 423
47 425
47 427
47 429
47 430
47 432
47 434
47 436
47 438
47 440
47 442
47 444
47 446
47 448
47 450
47 452
47 454
47 456
47 458
47 460
47 462
47 464
47 466
47 468
47 470
47 472
47 474
47 476
47 478
47 480
47 482
47 484
47 486
47 488
47 490
47 492
47 494
47 496
47 498
47 500
47 502
47 504
47 506
47 508
47 510
47 512
47 514
47 516
47 521
47 2882
48 49
48 50
48 51
48 52
48 53
48 54
48 55
48 56
48 57
48 58
48 59
48 60
48 61
48 62
48 63
49 50
49 51
49 52
49 53
49 54
49 55
49 56
49 57
49 58
49 59
49 60
49 61
49 62
49 63
50 51
50 52
50 53
50 54
50 55
50 56
50 57
50 58
50 59
50 60
50 61
50 62
50 63
51 52
51 53
51 54
51 55
51 56
51 57
51 58
51 59
51 60
51 61
51 62
51 63
52 53
52 54
52 55
52 56
52 57
52 58
52 59
52 60
52 61
52 62
52 63
53 54
53 55
53 56
53 57
53 58
53 59
53 60
53 61
53 62
53 63
54 55
54 56
54 57
54 58
54 59
54 60
54 61
54 62
54 63
55 56
55 57
55 58
55 59
55 60
55 61
55 62
55 63
56 57
56 58
56 59
56 60
56 61
56 62
56 63
57 58
57 59
57 60
57 61
57 62
57 63
58 59
58 60
58 61
58 62
58 63
59 60
59 61
59 62
59 63
60 61
60 62
60 63
61 62
61 63
62 63
64 65
64 66
64 67
64 68
64 69
64 70
64 71
64 72
64 73
64 74
64 75
64 76
64 77
64 78
64 79
64 80
64 81
64 82
64 83
65 66
65 67
65 68
65 69
65 70
65 71
65 72
65 73
65 74
65 75
65 76
65 77
65 78
65 79
65 80
65 81
65 82
65 83
66 67
66 68
66 69
66 70
66 71
66 72
66 73
66 74
66 75
66 76
66 77
66 78
66 79
66 80
66 81
66 82
66 83
67 68
67 69
67 70
67 71
67 72
67 73
67 74
67 75
67 76
67 77
67 78
67 79
67 80
67 81
67 82
67 83
68 69
68 70
68 71
68 72
68 73
68 74
68 75
68 76
68 77
68 78
68 79
68 80
68 81
68 82
68 83
69 70
69 71
69 72
69 73
69 74
69 75
69 76
69 77
69 78
69 79
69 80
69 81
69 82
69 83
70 71
70 72
70 73
70 74
70 75
70 76
70 77
70 78
70 79
70 80
70 81
70 82
70 83
71 72
71 73
71 74
71 75
71 76
71 77
71 78
71 79
71 80
71 81
71 82
71 83
72 73
72 74
72 75
72 76
72 77
72 78
72 79
72 80
72 81
72 82
72 83
73 74
73 75
73 76
73 77
73 78
73 79
73 80
73 81
73 82
73 83
74 75
74 76
74 77
74 78
74 79
74 80
74 81
74 82
74 83
75 76
75 77
75 78
75 79
75 80
75 81
75 82
75 83
76 77
76 78
76 79
76 80
76 81
76 82
76 83
77 78
77 79
77 80
77 81
77 82
77 83
78 79
78 80
78 81
78 82
78 83
79 80
79 81
79 82
79 83
80 81
80 82
80 83
81 82
81 83
82 83
85 86
85 87
85 88
85 89
85 90
85 91
85 92
85 93
86 87
86 88
86 89
86 90
86 91
86 92
86 93
87 88
87 89
87 90
87 91
87 92
87 93
88 89
88 90
88 91
88 92
88 93
89 90
89 91
89 92
89 93
90 91
90 92
90 93
91 92
91 93
92 93
99 100
101 102
104 105
106 107
109 110
111 112
114 115
116 117
118 119
120 121
122 123
124 125
126 127
128 129
130 131
132 133
133 533
134 135
136 137
138 139
140 141
142 143
144 145
146 147
148 149
150 151
153 154
155 156
157 158
158 534
159 160
161 162
163 164
165 166
167 168
169 170
171 172
173 174
175 176
177 178
179 180
181 182
183 184
185 186
187 188
189 190
191 192
193 194
195 196
197 198
199 200
201 202
203 204
205 206
207 208
209 210
211 212
213 214
215 216
217 218
219 220
221 222
223 224
225 226
227 228
229 230
231 232
233 234
235 236
237 238
239 240
243 244
245 246
246 537
246 538
246 539
246 540
246 541
246 542
246 543
246 544
247 248
249 250
251 252
253 254
255 256
257 258
258 545
258 546
258 547
258 548
260 261
262 263
264 265
265 549
265 550
265 551
266 267
268 269
271 272
272 530
272 552
273 274
274 555
274 556
274 557
274 558
274 559
274 560
274 561
274 562
274 563
274 564
274 565
274 566
274 567
275 276
276 569
276 570
276 571
276 572
276 573
276 574
276 575
276 576
276 577
276 578
276 579
276 580
276 581
276 582
277 278
278 586
278 587
278 588
278 589
278 590
278 591
278 592
278 593
278 594
278 595
278 596
278 597
278 598
278 599
278 600
278 601
278 602
278 603
278 604
278 605
278 606
278 607
278 608
278 609
278 610
278 611
278 612
278 613
278 614
278 615
278 616
278 617
278 618
278 619
278 620
278 621
278 622
278 623
278 624
278 625
278 626
278 627
278 628
278 629
278 630
278 631
278 632
278 633
278 634
278 635
278 636
278 637
279 280
280 643
280 644
280 645
280 646
280 647
280 648
280 649
280 650
280 651
280 652
280 653
280 654
280 655
280 656
280 657
280 658
280 659
280 660
280 661
280 662
280 663
280 664
280 665
280 666
280 667
280 668
280 669
280 670
280 671
280 672
280 673
280 674
280 675
280 676
281 282
282 678
282 679
282 680
282 681
282 682
282 683
282 684
282 685
282 686
282 687
282 688
282 689
282 690
282 691
282 692
282 693
282 694
282 695
282 696
282 697
282 698
282 699
282 700
282 701
282 702
282 703
282 704
282 705
282 706
282 707
282 708
282 709
282 710
282 711
282 712
282 713
282 714
282 715
282 716
282 717
282 718
282 719
282 720
282 721
282 722
282 723
282 724
282 725
282 726
282 727
283 284
284 728
284 729
284 730
284 731
284 732
284 733
284 734
284 735
284 736
284 737
284 738
284 739
284 740
284 741
284 742
284 743
284 744
284 745
284 746
284 747
284 748
284 749
284 750
284 751
284 752
284 753
284 754
284 755
284 756
284 757
284 758
284 759
285 286
286 760
286 761
286 762
286 763
286 764
286 765
286 766
286 767
286 768
286 769
286 770
286 771
286 772
286 773
286 774
286 775
286 776
286 777
286 778
286 779
286 780
286 781
286 782
286 783
286 784
286 785
286 786
286 787
286 788
286 789
286 790
286 791
286 792
286 793
286 794
286 795
286 796
286 797
286 798
286 799
286 800
286 801
286 802
286 803
286 804
286 805
286 806
286 807
286 808
286 809
287 288
288 811
288 812
288 813
288 814
288 815
288 816
288 817
288 818
288 819
288 820
288 821
288 822
288 823
288 824
288 825
288 826
288 827
288 828
288 829
288 830
288 831
288 832
288 833
288 834
289 290
290 840
290 841
290 842
290 843
290 844
290 845
290 846
290 847
290 848
290 849
290 850
290 851
290 852
290 853
290 854
290 855
290 856
290 857
290 858
290 859
290 860
290 861
290 862
290 863
290 864
290 865
291 292
292 866
292 867
292 868
292 869
292 870
292 871
292 872
292 873
292 874
293 294
294 876
294 877
294 878
294 879
294 880
294 881
294 882
294 883
294 884
294 885
294 886
294 887
294 888
294 889
294 890
294 891
294 892
294 893
294 894
294 895
294 896
294 897
294 898
294 899
294 900
294 901
294 902
294 903
294 904
294 905
294 906
294 907
294 908
294 909
294 910
294 911
294 912
294 913
294 914
294 915
294 916
294 917
294 918
294 919
294 920
294 921
294 922
294 923
294 924
294 925
294 926
294 927
294 928
294 929
294 930
295 296
296 931
296 932
296 933
296 934
296 935
296 936
296 937
296 938
296 939
296 940
296 941
296 942
296 943
296 944
296 945
296 946
296 947
296 948
296 949
296 950
296 951
296 952
296 953
296 954
296 955
296 956
296 957
296 958
296 959
296 960
296 961
296 962
296 963
296 964
296 965
296 966
296 967
296 968
296 969
296 970
296 971
296 972
296 973
296 974
296 975
296 976
296 977
296 978
296 979
296 980
297 298
298 990
298 991
298 992
298 993
298 994
298 995
298 996
298 997
298 998
298 999
298 1000
298 1001
298 1002
298 1003
298 1004
298 1005
298 1006
298 1007
298 1008
298 1009
298 1010
298 1011
298 1012
298 1013
298 1014
298 1015
298 1016
298 1017
298 1018
298 1019
298 1020
298 1021
298 1022
298 1023
298 1024
298 1025
298 1026
298 1027
298 1028
298 1029
298 1030
298 1031
298 1032
298 1033
298 1034
298 1035
298 1036
298 1037
298 1038
298 1039
298 1040
298 1041
298 1042
298 1043
298 1044
298 1045
298 1046
298 1047
299 300
300 1050
300 1051
300 1052
300 1053
300 1054
300 1055
300 1056
300 1057
300 1058
300 1059
300 1060
300 1061
300 1062
300 1063
300 1064
300 1065
300 1066
300 1067
300 1068
300 1069
300 1070
300 1071
300 1072
300 1073
300 1074
300 1075
300 1076
300 1077
300 1078
300 1079
300 1080
300 1081
300 1082
300 1083
300 1084
300 1085
300 1086
300 1087
300 1088
300 1089
300 1090
300 1091
300 1092
300 1093
300 1094
300 1095
300 1096
300 1097
300 1098
300 1099
300 1100
301 302
302 1101
302 1102
302 1103
302 1104
302 1105
302 1106
302 1107
302 1108
302 1109
302 1110
302 1111
302 1112
302 1113
302 1114
302 1115
302 1116
302 1117
302 1118
302 1119
302 1120
302 1121
302 1122
302 1123
302 1124
302 1125
302 1126
302 1127
302 1128
302 1129
302 1130
302 1131
302 1132
302 1133
302 1134
302 1135
302 1136
302 1137
302 1138
302 1139
302 1140
302 1141
302 1142
302 1143
302 1144
302 1145
302 1146
302 1147
302 1148
302 1149
302 1150
302 1151
302 1152
303 304
304 1153
304 1154
304 1155
304 1156
304 1157
304 1158
304 1159
304 1160
304 1161
304 1162
304 1163
304 1164
304 1165
304 1166
304 1167
304 1168
304 1169
304 1170
304 1171
304 1172
304 1173
304 1174
304 1175
304 1176
304 1177
304 1178
304 1179
304 1180
304 1181
304 1182
304 1183
304 1184
304 1185
304 1186
304 1187
304 1188
304 1189
304 1190
304 1191
304 1192
304 1193
304 1194
304 1195
304 1196
304 1197
304 1198
304 1199
304 1200
304 1201
304 1202
305 306
306 1205
306 1206
306 1207
306 1208
306 1209
306 1210
306 1211
306 1212
306 1213
306 1214
306 1215
306 1216
306 1217
306 1218
306 1219
306 1220
306 1221
306 1222
306 1223
306 1224
306 1225
306 1226
306 1227
306 1228
306 1229
306 1230
306 1231
306 1232
306 1233
306 1234
306 1235
306 1236
306 1237
306 1238
306 1239
306 1240
306 1241
306 1242
306 1243
306 1244
306 1245
306 1246
306 1247
306 1248
306 1249
307 308
308 1250
308 1251
308 1252
308 1253
308 1254
308 1255
308 1256
308 1257
308 1258
308 1259
308 1260
308 1261
308 1262
308 1263
308 1264
308 1265
308 1266
308 1267
308 1268
308 1269
308 1270
308 1271
308 1272
308 1273
308 1274
308 1275
308 1276
308 1277
308 1278
308 1279
308 1280
308 1281
308 1282
308 1283
308 1284
308 1285
308 1286
308 1287
308 1288
308 1289
308 1290
308 1291
308 1292
308 1293
308 1294
308 1295
308 1296
308 1297
308 1298
308 1299
309 310
310 1300
310 1301
310 1302
310 1303
310 1304
310 1305
310 1306
310 1307
310 1308
310 1309
310 1310
310 1311
310 1312
310 1313
310 1314
310 1315
310 1316
310 1317
310 1318
310 1319
310 1320
310 1321
310 1322
310 1323
310 1324
310 1325
310 1326
310 1327
310 1328
310 1329
310 1330
310 1331
310 1332
310 1333
310 1334
310 1335
310 1336
310 1337
310 1338
310 1339
310 1340
310 1341
310 1342
310 1343
310 1344
310 1345
310 1346
310 1347
310 1348
310 1349
310 1350
311 312
312 1403
312 1404
312 1405
312 1406
312 1407
312 1408
312 1409
312 1410
312 1411
312 1412
312 1413
312 1414
312 1415
312 1416
312 1417
312 1418
312 1419
312 1420
312 1421
312 1422
312 1423
312 1424
312 1425
312 1426
312 1427
312 1428
312 1429
312 1430
312 1431
312 1432
312 1433
312 1434
312 1435
312 1436
312 1437
312 1438
312 1439
312 1440
312 1441
312 1442
312 1443
312 1444
312 1445
312 1446
312 1447
312 1448
312 1449
312 1450
312 1451
312 1452
312 1453
312 1454
312 1455
312 1456
313 314
314 1457
314 1458
314 1459
314 1460
314 1461
314 1462
314 1463
314 1464
314 1465
314 1466
314 1467
314 1468
314 1469
314 1470
314 1471
314 1472
314 1473
314 1474
314 1475
314 1476
314 1477
314 1478
314 1479
314 1480
314 1481
314 1482
314 1483
314 1484
314 1485
314 1486
314 1487
314 1488
314 1489
314 1490
314 1491
314 1492
314 1493
314 1494
314 1495
314 1496
314 1497
314 1498
314 1499
314 1500
314 1501
314 1502
314 1503
314 1504
314 1505
314 1506
315 316
316 1507
316 1508
316 1509
316 1510
316 1511
316 1512
316 1513
316 1514
316 1515
316 1516
316 1517
316 1518
316 1519
316 1520
316 1521
316 1522
316 1523
316 1524
316 1525
316 1526
316 1527
316 1528
316 1529
316 1530
316 1531
316 1532
316 1533
316 1534
316 1535
316 1536
316 1537
316 1538
316 1539
316 1540
316 1541
316 1542
316 1543
316 1544
316 1545
316 1546
316 1547
316 1548
316 1549
316 1550
316 1551
316 1552
316 1553
316 1554
316 1555
316 1556
316 1557
316 1558
316 1559
317 318
318 1560
318 1561
318 1562
318 1563
318 1564
318 1565
318 1566
318 1567
318 1568
318 1569
318 1570
318 1571
318 1572
318 1573
318 1574
318 1575
318 1576
318 1577
318 1578
318 1579
318 1580
318 1581
318 1582
318 1583
318 1584
318 1585
318 1586
318 1587
318 1588
318 1589
318 1590
318 1591
318 1592
318 1593
318 1594
318 1595
318 1596
318 1597
318 1598
318 1599
318 1600
318 1601
318 1602
318 1603
318 1604
318 1605
318 1606
318 1607
318 1608
318 1609
318 1610
319 320
320 1611
320 1612
320 1613
320 1614
320 1615
320 1616
320 1617
320 1618
320 1619
320 1620
320 1621
320 1622
320 1623
320 1624
320 1625
320 1626
320 1627
320 1628
320 1629
320 1630
320 1631
320 1632
320 1633
320 1634
320 1635
320 1636
320 1637
320 1638
320 1639
320 1640
320 1641
320 1642
320 1643
320 1644
320 1645
320 1646
320 1647
320 1648
320 1649
320 1650
320 1651
320 1652
320 1653
320 1654
320 1655
320 1656
320 1657
320 1658
320 1659
320 1660
320 1661
320 1662
320 1663
320 1664
320 1665
320 1666
320 1667
320 1668
320 1669
320 1670
320 1671
320 1672
320 1673
320 1674
320 1675
320 1676
320 1677
320 1678
320 1679
320 1680
321 322
322 1681
322 1682
322 1683
322 1684
322 1685
322 1686
322 1687
322 1688
322 1689
322 1690
322 1691
322 1692
322 1693
322 1694
322 1695
322 1696
322 1697
322 1698
322 1699
322 1700
322 1701
322 1702
322 1703
322 1704
322 1705
322 1706
322 1707
322 1708
322 1709
322 1710
322 1711
322 1712
322 1713
322 1714
322 1715
322 1716
322 1717
322 1718
322 1719
322 1720
322 1721
322 1722
322 1723
322 1724
322 1725
322 1726
322 1727
322 1728
322 1729
322 1730
322 1731
322 1732
322 1733
322 1734
322 1735
323 324
324 1736
324 1737
324 1738
324 1739
324 1740
324 1741
324 1742
324 1743
324 1744
324 1745
324 1746
324 1747
324 1748
324 1749
324 1750
324 1751
324 1752
324 1753
324 1754
324 1755
324 1756
324 1757
324 1758
324 1759
324 1760
324 1761
324 1762
324 1763
324 1764
324 1765
324 1766
324 1767
324 1768
324 1769
324 1770
324 1771
324 1772
324 1773
324 1774
324 1775
324 1776
324 1777
324 1778
324 1779
324 1780
324 1781
324 1782
324 1783
324 1784
324 1785
325 326
326 1786
326 1787
326 1788
326 1789
326 1790
326 1791
326 1792
326 1793
326 1794
326 1795
326 1796
326 1797
326 1798
326 1799
326 1800
326 1801
326 1802
326 1803
326 1804
326 1805
326 1806
326 1807
326 1808
326 1809
326 1810
326 1811
326 1812
326 1813
326 1814
326 1815
326 1816
326 1817
326 1818
326 1819
326 1820
326 1821
326 1822
326 1823
326 1824
326 1825
326 1826
326 1827
326 1828
326 1829
326 1830
326 1831
326 1832
326 1833
326 1834
326 1835
327 328
328 1836
328 1837
328 1838
328 1839
328 1840
328 1841
328 1842
328 1843
328 1844
328 1845
328 1846
328 1847
328 1848
328 1849
328 1850
328 1851
328 1852
328 1853
328 1854
328 1855
328 1856
328 1857
328 1858
328 1859
328 1860
328 1861
328 1862
328 1863
328 1864
328 1865
328 1866
328 1867
328 1868
328 1869
328 1870
328 1871
328 1872
328 1873
328 1874
328 1875
328 1876
328 1877
328 1878
328 1879
328 1880
328 1881
328 1882
328 1883
328 1884
328 1885
328 1886
329 330
330 1887
330 1888
330 1889
330 1890
330 1891
330 1892
330 1893
330 1894
330 1895
330 1896
330 1897
330 1898
330 1899
330 1900
330 1901
330 1902
330 1903
330 1904
330 1905
330 1906
330 1907
330 1908
330 1909
330 1910
330 1911
330 1912
330 1913
330 1914
330 1915
330 1916
330 1917
330 1918
330 1919
330 1920
330 1921
330 1922
330 1923
330 1924
330 1925
330 1926
330 1927
330 1928
330 1929
330 1930
330 1931
330 1932
330 1933
330 1934
330 1935
330 1936
330 1937
330 1938
330 1939
330 1940
330 1941
330 1942
330 1943
330 1944
330 1945
330 1946
330 1947
330 1948
330 1949
331 332
332 1950
332 1951
332 1952
332 1953
332 1954
332 1955
332 1956
332 1957
332 1958
332 1959
332 1960
332 1961
332 1962
332 1963
332 1964
332 1965
332 1966
332 1967
332 1968
332 1969
332 1970
332 1971
332 1972
332 1973
332 1974
332 1975
332 1976
332 1977
332 1978
332 1979
332 1980
332 1981
332 1982
332 1983
332 1984
332 1985
332 1986
332 1987
332 1988
332 1989
332 1990
332 1991
332 1992
332 1993
332 1994
332 1995
332 1996
332 1997
332 1998
332 1999
332 2000
332 2001
332 2002
332 2003
332 2004
332 2005
333 334
334 2006
334 2007
334 2008
334 2009
334 2010
334 2011
334 2012
334 2013
334 2014
334 2015
334 2016
334 2017
334 2018
334 2019
334 2020
334 2021
334 2022
334 2023
334 2024
334 2025
334 2026
334 2027
334 2028
334 2029
334 2030
334 2031
334 2032
334 2033
334 2034
334 2035
334 2036
334 2037
334 2038
334 2039
334 2040
334 2041
334 2042
334 2043
334 2044
334 2045
334 2046
334 2047
334 2048
334 2049
334 2050
334 2051
334 2052
334 2053
334 2054
334 2055
335 336
336 2056
336 2057
336 2058
336 2059
336 2060
336 2061
336 2062
336 2063
336 2064
336 2065
336 2066
336 2067
336 2068
336 2069
336 2070
336 2071
336 2072
336 2073
336 2074
336 2075
336 2076
336 2077
336 2078
336 2079
336 2080
336 2081
336 2082
336 2083
336 2084
336 2085
336 2086
336 2087
336 2088
336 2089
336 2090
336 2091
336 2092
336 2093
336 2094
336 2095
336 2096
336 2097
336 2098
336 2099
336 2100
336 2101
336 2102
336 2103
336 2104
336 2105
337 338
338 2106
338 2107
338 2108
338 2109
338 2110
338 2111
338 2112
338 2113
338 2114
338 2115
338 2116
338 2117
338 2118
338 2119
338 2120
338 2121
338 2122
338 2123
338 2124
338 2125
338 2126
338 2127
338 2128
338 2129
338 2130
338 2131
338 2132
338 2133
338 2134
338 2135
338 2136
338 2137
338 2138
338 2139
338 2140
338 2141
338 2142
338 2143
338 2144
338 2145
338 2146
338 2147
338 2148
338 2149
338 2150
338 2151
338 2152
338 2153
338 2154
338 2155
339 340
340 2156
340 2157
340 2158
340 2159
340 2160
340 2161
340 2162
340 2163
340 2164
340 2165
340 2166
340 2167
340 2168
340 2169
340 2170
340 2171
340 2172
340 2173
340 2174
340 2175
340 2176
340 2177
340 2178
340 2179
340 2180
340 2181
340 2182
340 2183
340 2184
340 2185
340 2186
340 2187
340 2188
340 2189
340 2190
340 2191
340 2192
340 2193
340 2194
340 2195
340 2196
340 2197
340 2198
340 2199
340 2200
340 2201
340 2202
340 2203
340 2204
340 2205
340 2206
341 342
342 2207
342 2208
342 2209
342 2210
342 2211
342 2212
342 2213
342 2214
342 2215
342 2216
342 2217
342 2218
342 2219
342 2220
342 2221
342 2222
342 2223
342 2224
342 2225
342 2226
342 2227
342 2228
342 2229
342 2230
342 2231
342 2232
342 2233
342 2234
342 2235
342 2236
342 2237
342 2238
342 2239
342 2240
342 2241
342 2242
342 2243
342 2244
342 2245
342 2246
342 2247
342 2248
342 2249
342 2250
342 2251
342 2252
342 2253
342 2254
342 2255
342 2256
343 344
344 2257
344 2258
344 2259
344 2260
344 2261
344 2262
344 2263
344 2264
344 2265
344 2266
344 2267
344 2268
344 2269
344 2270
344 2271
344 2272
344 2273
344 2274
344 2275
344 2276
344 2277
344 2278
344 2279
344 2280
344 2281
344 2282
344 2283
344 2284
344 2285
344 2286
344 2287
344 2288
344 2289
344 2290
344 2291
344 2292
344 2293
344 2294
344 2295
344 2296
344 2297
344 2298
344 2299
344 2300
344 2301
344 2302
344 2303
344 2304
344 2305
344 2306
345 346
346 2307
346 2308
346 2309
346 2310
346 2311
346 2312
346 2313
346 2314
346 2315
346 2316
346 2317
346 2318
346 2319
346 2320
346 2321
346 2322
346 2323
346 2324
346 2325
346 2326
346 2327
346 2328
346 2329
346 2330
346 2331
346 2332
346 2333
346 2334
346 2335
346 2336
346 2337
346 2338
346 2339
346 2340
346 2341
346 2342
346 2343
346 2344
346 2345
346 2346
346 2347
346 2348
346 2349
346 2350
346 2351
346 2352
346 2353
346 2354
346 2355
346 2356
347 348
348 2357
348 2358
348 2359
348 2360
348 2361
348 2362
348 2363
348 2364
348 2365
348 2366
348 2367
348 2368
348 2369
348 2370
348 2371
348 2372
348 2373
348 2374
348 2375
348 2376
348 2377
348 2378
348 2379
348 2380
348 2381
348 2382
348 2383
348 2384
348 2385
348 2386
348 2387
348 2388
348 2389
348 2390
348 2391
348 2392
348 2393
348 2394
348 2395
348 2396
348 2397
348 2398
348 2399
348 2400
348 2401
348 2402
348 2403
348 2404
348 2405
348 2406
349 350
350 2407
350 2408
350 2409
350 2410
350 2411
350 2412
350 2413
350 2414
350 2415
350 2416
350 2417
350 2418
350 2419
350 2420
350 2421
350 2422
350 2423
350 2424
350 2425
350 2426
350 2427
350 2428
350 2429
350 2430
350 2431
350 2432
350 2433
350 2434
350 2435
350 2436
350 2437
350 2438
350 2439
350 2440
350 2441
350 2442
350 2443
350 2444
350 2445
350 2446
350 2447
350 2448
350 2449
350 2450
350 2451
350 2452
350 2453
350 2454
350 2455
350 2456
350 2457
350 2458
350 2459
350 2460
350 2461
350 2462
351 352
352 2463
352 2464
352 2465
352 2466
352 2467
352 2468
352 2469
352 2470
352 2471
352 2472
352 2473
352 2474
352 2475
352 2476
352 2477
352 2478
352 2479
352 2480
352 2481
352 2482
352 2483
352 2484
352 2485
352 2486
352 2487
352 2488
352 2489
352 2490
352 2491
352 2492
352 2493
352 2494
352 2495
352 2496
352 2497
352 2498
352 2499
352 2500
352 2501
352 2502
352 2503
352 2504
352 2505
352 2506
352 2507
352 2508
352 2509
352 2510
352 2511
352 2512
353 354
354 2513
354 2514
354 2515
354 2516
354 2517
354 2518
354 2519
354 2520
354 2521
354 2522
354 2523
354 2524
354 2525
354 2526
354 2527
354 2528
354 2529
354 2530
354 2531
354 2532
354 2533
354 2534
354 2535
354 2536
354 2537
354 2538
354 2539
354 2540
354 2541
354 2542
354 2543
354 2544
354 2545
354 2546
354 2547
354 2548
354 2549
354 2550
354 2551
354 2552
354 2553
354 2554
354 2555
354 2556
354 2557
354 2558
354 2559
354 2560
354 2561
354 2562
354 2563
355 356
356 2564
356 2565
356 2566
356 2567
356 2568
356 2569
356 2570
356 2571
356 2572
356 2573
356 2574
356 2575
356 2576
356 2577
356 2578
356 2579
356 2580
356 2581
356 2582
356 2583
356 2584
356 2585
356 2586
356 2587
356 2588
356 2589
356 2590
356 2591
356 2592
356 2593
356 2594
356 2595
356 2596
356 2597
356 2598
356 2599
356 2600
356 2601
356 2602
356 2603
356 2604
356 2605
356 2606
356 2607
356 2608
356 2609
356 2610
356 2611
356 2612
357 358
358 2613
358 2614
358 2615
358 2616
358 2617
358 2618
358 2619
358 2620
358 2621
358 2622
358 2623
358 2624
358 2625
358 2626
358 2627
358 2628
358 2629
358 2630
358 2631
358 2632
358 2633
358 2634
358 2635
358 2636
358 2637
358 2638
358 2639
358 2640
358 2641
358 2642
358 2643
358 2644
358 2645
358 2646
358 2647
358 2648
358 2649
358 2650
358 2651
358 2652
358 2653
358 2654
358 2655
358 2656
358 2657
358 2658
358 2659
358 2660
358 2661
358 2662
359 360
360 2663
360 2664
360 2665
360 2666
360 2667
360 2668
360 2669
360 2670
360 2671
360 2672
360 2673
360 2674
360 2675
360 2676
360 2677
360 2678
360 2679
360 2680
360 2681
360 2682
360 2683
360 2684
360 2685
360 2686
360 2687
360 2688
360 2689
360 2690
360 2691
360 2692
360 2693
360 2694
360 2695
360 2696
360 2697
360 2698
360 2699
360 2700
360 2701
360 2702
360 2703
360 2704
360 2705
360 2706
360 2707
360 2708
360 2709
360 2710
360 2711
360 2712
361 362
362 2713
362 2714
362 2715
362 2716
362 2717
362 2718
362 2719
362 2720
362 2721
362 2722
362 2723
362 2724
362 2725
362 2726
362 2727
362 2728
362 2729
362 2730
362 2731
362 2732
362 2733
362 2734
362 2735
362 2736
362 2737
362 2738
362 2739
362 2740
362 2741
362 2742
362 2743
362 2744
362 2745
362 2746
362 2747
362 2748
362 2749
362 2750
362 2751
362 2752
362 2753
362 2754
362 2755
362 2756
362 2757
362 2758
362 2759
362 2760
362 2761
362 2762
363 364
364 2763
364 2764
364 2765
364 2766
364 2767
364 2768
364 2769
364 2770
364 2771
364 2772
364 2773
364 2774
364 2775
364 2776
364 2777
364 2778
364 2779
364 2780
364 2781
364 2782
364 2783
364 2784
364 2785
364 2786
364 2787
364 2788
364 2789
364 2790
364 2791
364 2792
364 2793
364 2794
364 2795
364 2796
364 2797
364 2798
364 2799
364 2800
364 2801
364 2802
364 2803
364 2804
364 2805
364 2806
364 2807
364 2808
364 2809
364 2810
364 2811
364 2812
364 2813
364 2814
365 366
366 368
366 2816
367 368
368 2815
368 2817
368 2818
368 2819
368 2820
369 370
370 378
370 2834
371 372
372 378
372 2835
373 374
374 378
374 2836
375 376
376 378
376 2838
377 378
378 380
378 382
378 384
378 386
378 388
378 390
378 392
378 394
378 396
378 398
378 400
378 402
378 2821
378 2822
378 2823
378 2824
378 2825
378 2826
378 2827
378 2828
378 2829
378 2830
378 2831
378 2832
378 2833
378 2837
378 2839
378 2840
378 2841
378 2842
378 2843
378 2844
379 380
380 2845
381 382
382 2846
383 384
384 2847
385 386
386 2848
387 388
388 2849
389 390
390 2850
391 392
392 2851
393 394
394 2852
395 396
396 2853
397 398
398 2854
399 400
400 2855
401 402
402 2856
403 404
404 408
404 2858
405 406
406 408
406 2862
407 408
408 410
408 412
408 552
408 2857
408 2859
408 2860
408 2861
408 2863
408 2864
408 2865
408 2866
408 2867
408 2868
408 2869
408 2870
408 2871
408 2872
409 410
410 2873
411 412
412 2874
414 415
418 419
419 421
419 2883
419 2884
419 2885
419 2886
419 2887
419 2888
419 2889
419 2890
419 2891
420 421
421 2892
422 423
423 492
424 425
426 427
428 429
429 456
431 432
433 434
434 436
434 438
434 440
434 442
434 444
434 446
434 448
434 450
434 452
434 456
434 458
434 460
434 462
434 464
434 466
434 468
434 470
434 472
434 474
434 476
434 494
434 496
434 498
434 500
434 502
434 504
434 506
434 508
435 436
436 438
436 440
436 442
436 444
436 446
436 448
436 450
436 452
436 456
436 458
436 460
436 462
436 464
436 466
436 468
436 470
436 472
436 474
436 476
436 494
436 496
436 498
436 500
436 502
436 504
436 506
436 508
437 438
438 440
438 442
438 444
438 446
438 448
438 450
438 452
438 456
438 458
438 460
438 462
438 464
438 466
438 468
438 470
438 472
438 474
438 476
438 494
438 496
438 498
438 500
438 502
438 504
438 506
438 508
439 440
440 442
440 444
440 446
440 448
440 450
440 452
440 456
440 458
440 460
440 462
440 464
440 466
440 468
440 470
440 472
440 474
440 476
440 494
440 496
440 498
440 500
440 502
440 504
440 506
440 508
441 442
442 444
442 446
442 448
442 450
442 452
442 456
442 458
442 460
442 462
442 464
442 466
442 468
442 470
442 472
442 474
442 476
442 494
442 496
442 498
442 500
442 502
442 504
442 506
442 508
443 444
444 446
444 448
444 450
444 452
444 456
444 458
444 460
444 462
444 464
444 466
444 468
444 470
444 472
444 474
444 476
444 494
444 496
444 498
444 500
444 502
444 504
444 506
444 508
445 446
446 448
446 450
446 452
446 456
446 458
446 460
446 462
446 464
446 466
446 468
446 470
446 472
446 474
446 476
446 494
446 496
446 498
446 500
446 502
446 504
446 506
446 508
447 448
448 450
448 452
448 456
448 458
448 460
448 462
448 464
448 466
448 468
448 470
448 472
448 474
448 476
448 494
448 496
448 498
448 500
448 502
448 504
448 506
448 508
449 450
450 452
450 456
450 458
450 460
450 462
450 464
450 466
450 468
450 470
450 472
450 474
450 476
450 494
450 496
450 498
450 500
450 502
450 504
450 506
450 508
451 452
452 456
452 458
452 460
452 462
452 464
452 466
452 468
452 470
452 472
452 474
452 476
452 494
452 496
452 498
452 500
452 502
452 504
452 506
452 508
453 454
455 456
456 458
456 460
456 462
456 464
456 466
456 468
456 470
456 472
456 474
456 476
456 494
456 496
456 498
456 500
456 502
456 504
456 506
456 508
457 458
458 460
458 462
458 464
458 466
458 468
458 470
458 472
458 474
458 476
458 494
458 496
458 498
458 500
458 502
458 504
458 506
458 508
459 460
460 462
460 464
460 466
460 468
460 470
460 472
460 474
460 476
460 494
460 496
460 498
460 500
460 502
460 504
460 506
460 508
461 462
462 464
462 466
462 468
462 470
462 472
462 474
462 476
462 494
462 496
462 498
462 500
462 502
462 504
462 506
462 508
463 464
464 466
464 468
464 470
464 472
464 474
464 476
464 494
464 496
464 498
464 500
464 502
464 504
464 506
464 508
465 466
466 468
466 470
466 472
466 474
466 476
466 494
466 496
466 498
466 500
466 502
466 504
466 506
466 508
467 468
468 470
468 472
468 474
468 476
468 494
468 496
468 498
468 500
468 502
468 504
468 506
468 508
469 470
470 472
470 474
470 476
470 494
470 496
470 498
470 500
470 502
470 504
470 506
470 508
471 472
472 474
472 476
472 494
472 496
472 498
472 500
472 502
472 504
472 506
472 508
473 474
474 476
474 494
474 496
474 498
474 500
474 502
474 504
474 506
474 508
475 476
476 494
476 496
476 498
476 500
476 502
476 504
476 506
476 508
477 478
478 2893
478 2894
478 2895
478 2896
478 2897
478 2898
478 2899
478 2900
478 2901
478 2902
478 2903
478 2904
478 2905
478 2906
479 480
480 512
481 482
482 510
483 484
485 486
487 488
489 490
491 492
492 2907
493 494
494 496
494 498
494 500
494 502
494 504
494 506
494 508
495 496
496 498
496 500
496 502
496 504
496 506
496 508
497 498
498 500
498 502
498 504
498 506
498 508
499 500
500 502
500 504
500 506
500 508
501 502
502 504
502 506
502 508
503 504
504 506
504 508
505 506
506 508
507 508
509 510
511 512
513 514
515 516
517 518
536 837
537 538
537 539
537 540
537 541
537 542
537 543
537 544
538 539
538 540
538 541
538 542
538 543
538 544
539 540
539 541
539 542
539 543
539 544
540 541
540 542
540 543
540 544
541 542
541 543
541 544
542 543
542 544
543 544
545 546
545 547
545 548
546 547
546 548
547 548
549 550
549 551
550 551
555 556
556 557
557 558
558 559
559 560
560 561
561 562
562 563
563 564
564 565
565 566
566 567
569 570
570 571
571 572
572 573
573 574
574 575
575 576
576 577
577 578
578 579
579 580
580 581
581 582
586 587
587 588
588 589
589 590
590 591
591 592
592 593
593 594
594 595
595 596
596 597
597 598
598 599
599 600
600 601
601 602
602 603
603 604
604 605
605 606
606 607
607 608
608 609
609 610
610 611
611 612
612 613
613 614
614 615
615 616
616 617
617 618
618 619
619 620
620 621
621 622
622 623
623 624
624 625
625 626
626 627
627 628
628 629
629 630
630 631
631 632
632 633
633 634
634 635
635 636
636 637
643 644
644 645
645 646
646 647
647 648
648 649
649 650
650 651
651 652
652 653
653 654
654 655
655 656
656 657
657 658
658 659
659 660
660 661
661 662
662 663
663 664
664 665
665 666
666 667
667 668
668 669
669 670
670 671
671 672
672 673
673 674
674 675
675 676
678 679
679 680
680 681
681 682
682 683
683 684
684 685
685 686
686 687
687 688
688 689
689 690
690 691
691 692
692 693
693 694
694 695
695 696
696 697
697 698
698 699
699 700
700 701
701 702
702 703
703 704
704 705
705 706
706 707
707 708
708 709
709 710
710 711
711 712
712 713
713 714
714 715
715 716
716 717
717 718
718 719
719 720
720 721
721 722
722 723
723 724
724 725
725 726
726 727
728 729
729 730
730 731
731 732
732 733
733 734
734 735
735 736
736 737
737 738
738 739
739 740
740 741
741 742
742 743
743 744
744 745
745 746
746 747
747 748
748 749
749 750
750 751
751 752
752 753
753 754
754 755
755 756
756 757
757 758
758 759
760 761
761 762
762 763
763 764
764 765
765 766
766 767
767 768
768 769
769 770
770 771
771 772
772 773
773 774
774 775
775 776
776 777
777 778
778 779
779 780
780 781
781 782
782 783
783 784
784 785
785 786
786 787
787 788
788 789
789 790
790 791
791 792
792 793
793 794
794 795
795 796
796 797
797 798
798 799
799 800
800 801
801 802
802 803
803 804
804 805
805 806
806 807
807 808
808 809
811 812
812 813
813 814
814 815
815 816
816 817
817 818
818 819
819 820
820 821
821 822
822 823
823 824
824 825
825 826
826 827
827 828
828 829
829 830
830 831
831 832
832 833
833 834
840 841
841 842
842 843
843 844
844 845
845 846
846 847
847 848
848 849
849 850
850 851
851 852
852 853
853 854
854 855
855 856
856 857
857 858
858 859
859 860
860 861
861 862
862 863
863 864
864 865
866 867
867 868
868 869
869 870
870 871
871 872
872 873
873 874
876 877
877 878
878 879
879 880
880 881
881 882
882 883
883 884
884 885
885 886
886 887
887 888
888 889
889 890
890 891
891 892
892 893
893 894
894 895
895 896
896 897
897 898
898 899
899 900
900 901
901 902
902 903
903 904
904 905
905 906
906 907
907 908
908 909
909 910
910 911
911 912
912 913
913 914
914 915
915 916
916 917
917 918
918 919
919 920
920 921
921 922
922 923
923 924
924 925
925 926
926 927
927 928
928 929
929 930
931 932
932 933
933 934
934 935
935 936
936 937
937 938
938 939
939 940
940 941
941 942
942 943
943 944
944 945
945 946
946 947
947 948
948 949
949 950
950 951
951 952
952 953
953 954
954 955
955 956
956 957
957 958
958 959
959 960
960 961
961 962
962 963
963 964
964 965
965 966
966 967
967 968
968 969
969 970
970 971
971 972
972 973
973 974
974 975
975 976
976 977
977 978
978 979
979 980
990 991
991 992
992 993
993 994
994 995
995 996
996 997
997 998
998 999
999 1000
1000 1001
1001 1002
1002 1003
1003 1004
1004 1005
1005 1006
1006 1007
1007 1008
1008 1009
1009 1010
1010 1011
1011 1012
1012 1013
1013 1014
1014 1015
1015 1016
1016 1017
1017 1018
1018 1019
1019 1020
1020 1021
1021 1022
1022 1023
1023 1024
1024 1025
1025 1026
1026 1027
1027 1028
1028 1029
1029 1030
1030 1031
1031 1032
1032 1033
1033 1034
1034 1035
1035 1036
1036 1037
1037 1038
1038 1039
1039 1040
1040 1041
1041 1042
1042 1043
1043 1044
1044 1045
1045 1046
1046 1047
1050 1051
1051 1052
1052 1053
1053 1054
1054 1055
1055 1056
1056 1057
1057 1058
1058 1059
1059 1060
1060 1061
1061 1062
1062 1063
1063 1064
1064 1065
1065 1066
1066 1067
1067 1068
1068 1069
1069 1070
1070 1071
1071 1072
1072 1073
1073 1074
1074 1075
1075 1076
1076 1077
1077 1078
1078 1079
1079 1080
1080 1081
1081 1082
1082 1083
1083 1084
1084 1085
1085 1086
1086 1087
1087 1088
1088 1089
1089 1090
1090 1091
1091 1092
1092 1093
1093 1094
1094 1095
1095 1096
1096 1097
1097 1098
1098 1099
1099 1100
1101 1102
1102 1103
1103 1104
1104 1105
1105 1106
1106 1107
1107 1108
1108 1109
1109 1110
1110 1111
1111 1112
1112 1113
1113 1114
1114 1115
1115 1116
1116 1117
1117 1118
1118 1119
1119 1120
1120 1121
1121 1122
1122 1123
1123 1124
1124 1125
1125 1126
1126 1127
1127 1128
1128 1129
1129 1130
1130 1131
1131 1132
1132 1133
1133 1134
1134 1135
1135 1136
1136 1137
1137 1138
1138 1139
1139 1140
1140 1141
1141 1142
1142 1143
1143 1144
1144 1145
1145 1146
1146 1147
1147 1148
1148 1149
1149 1150
1150 1151
1151 1152
1153 1154
1154 1155
1155 1156
1156 1157
1157 1158
1158 1159
1159 1160
1160 1161
1161 1162
1162 1163
1163 1164
1164 1165
1165 1166
1166 1167
1167 1168
1168 1169
1169 1170
1170 1171
1171 1172
1172 1173
1173 1174
1174 1175
1175 1176
1176 1177
1177 1178
1178 1179
1179 1180
1180 1181
1181 1182
1182 1183
1183 1184
1184 1185
1185 1186
1186 1187
1187 1188
1188 1189
1189 1190
1190 1191
1191 1192
1192 1193
1193 1194
1194 1195
1195 1196
1196 1197
1197 1198
1198 1199
1199 1200
1200 1201
1201 1202
1205 1206
1206 1207
1207 1208
1208 1209
1209 1210
1210 1211
1211 1212
1212 1213
1213 1214
1214 1215
1215 1216
1216 1217
1217 1218
1218 1219
1219 1220
1220 1221
1221 1222
1222 1223
1223 1224
1224 1225
1225 1226
1226 1227
1227 1228
1228 1229
1229 1230
1230 1231
1231 1232
1232 1233
1233 1234
1234 1235
1235 1236
1236 1237
1237 1238
1238 1239
1239 1240
1240 1241
1241 1242
1242 1243
1243 1244
1244 1245
1245 1246
1246 1247
1247 1248
1248 1249
1250 1251
1251 1252
1252 1253
1253 1254
1254 1255
1255 1256
1256 1257
1257 1258
1258 1259
1259 1260
1260 1261
1261 1262
1262 1263
1263 1264
1264 1265
1265 1266
1266 1267
1267 1268
1268 1269
1269 1270
1270 1271
1271 1272
1272 1273
1273 1274
1274 1275
1275 1276
1276 1277
1277 1278
1278 1279
1279 1280
1280 1281
1281 1282
1282 1283
1283 1284
1284 1285
1285 1286
1286 1287
1287 1288
1288 1289
1289 1290
1290 1291
1291 1292
1292 1293
1293 1294
1294 1295
1295 1296
1296 1297
1297 1298
1298 1299
1300 1301
1301 1302
1302 1303
1303 1304
1304 1305
1305 1306
1306 1307
1307 1308
1308 1309
1309 1310
1310 1311
1311 1312
1312 1313
1313 1314
1314 1315
1315 1316
1316 1317
1317 1318
1318 1319
1319 1320
1320 1321
1321 1322
1322 1323
1323 1324
1324 1325
1325 1326
1326 1327
1327 1328
1328 1329
1329 1330
1330 1331
1331 1332
1332 1333
1333 1334
1334 1335
1335 1336
1336 1337
1337 1338
1338 1339
1339 1340
1340 1341
1341 1342
1342 1343
1343 1344
1344 1345
1345 1346
1346 1347
1347 1348
1348 1349
1349 1350
1351 1352
1351 1353
1352 1353
1352 1354
1353 1354
1353 1355
1353 1356
1353 1357
1353 1358
1353 1359
1353 1360
1353 1361
1353 1362
1353 1363
1353 1364
1353 1365
1353 1366
1353 1367
1353 1368
1353 1369
1353 1370
1353 1371
1353 1372
1353 1373
1353 1374
1353 1375
1353 1376
1353 1377
1353 1378
1353 1379
1353 1380
1353 1381
1353 1382
1353 1383
1353 1384
1353 1385
1353 1386
1353 1387
1353 1388
1353 1389
1353 1390
1353 1391
1353 1392
1353 1393
1353 1394
1353 1395
1353 1396
1353 1397
1353 1398
1353 1399
1353 1400
1353 1401
1353 1402
1354 1355
1355 1356
1356 1357
1357 1358
1358 1359
1359 1360
1360 1361
1361 1362
1362 1363
1363 1364
1364 1365
1365 1366
1366 1367
1367 1368
1368 1369
1369 1370
1370 1371
1371 1372
1372 1373
1373 1374
1374 1375
1375 1376
1376 1377
1377 1378
1378 1379
1379 1380
1380 1381
1381 1382
1382 1383
1383 1384
1384 1385
1385 1386
1386 1387
1387 1388
1388 1389
1389 1390
1390 1391
1391 1392
1392 1393
1393 1394
1394 1395
1395 1396
1396 1397
1397 1398
1398 1399
1399 1400
1400 1401
1401 1402
1403 1404
1404 1405
1405 1406
1406 1407
1407 1408
1408 1409
1409 1410
1410 1411
1411 1412
1412 1413
1413 1414
1414 1415
1415 1416
1416 1417
1417 1418
1418 1419
1419 1420
1420 1421
1421 1422
1422 1423
1423 1424
1424 1425
1425 1426
1426 1427
1427 1428
1428 1429
1429 1430
1430 1431
1431 1432
1432 1433
1433 1434
1434 1435
1435 1436
1436 1437
1437 1438
1438 1439
1439 1440
1440 1441
1441 1442
1442 1443
1443 1444
1444 1445
1445 1446
1446 1447
1447 1448
1448 1449
1450 1451
1451 1452
1452 1453
1453 1454
1454 1455
1455 1456
1457 1458
1458 1459
1459 1460
1460 1461
1461 1462
1462 1463
1463 1464
1464 1465
1465 1466
1466 1467
1467 1468
1468 1469
1469 1470
1470 1471
1471 1472
1472 1473
1473 1474
1474 1475
1475 1476
1476 1477
1477 1478
1478 1479
1479 1480
1480 1481
1481 1482
1482 1483
1483 1484
1484 1485
1485 1486
1486 1487
1487 1488
1488 1489
1489 1490
1490 1491
1491 1492
1492 1493
1493 1494
1494 1495
1495 1496
1496 1497
1497 1498
1498 1499
1499 1500
1500 1501
1501 1502
1502 1503
1503 1504
1504 1505
1505 1506
1507 1508
1508 1509
1509 1510
1510 1511
1511 1512
1512 1513
1513 1514
1514 1515
1515 1516
1516 1517
1517 1518
1518 1519
1519 1520
1520 1521
1521 1522
1522 1523
1523 1524
1524 1525
1525 1526
1526 1527
1527 1528
1528 1529
1529 1530
1530 1531
1531 1532
1532 1533
1533 1534
1534 1535
1535 1536
1536 1537
1537 1538
1538 1539
1539 1540
1540 1541
1541 1542
1542 1543
1543 1544
1544 1545
1545 1546
1546 1547
1547 1548
1548 1549
1549 1550
1550 1551
1551 1552
1552 1553
1553 1554
1554 1555
1555 1556
1556 1557
1557 1558
1558 1559
1560 1561
1561 1562
1562 1563
1563 1564
1564 1565
1565 1566
1566 1567
1567 1568
1568 1569
1569 1570
1570 1571
1571 1572
1572 1573
1573 1574
1574 1575
1575 1576
1576 1577
1577 1578
1578 1579
1579 1580
1580 1581
1581 1582
1582 1583
1583 1584
1584 1585
1585 1586
1586 1587
1587 1588
1588 1589
1589 1590
1590 1591
1591 1592
1592 1593
1593 1594
1594 1595
1595 1596
1596 1597
1597 1598
1598 1599
1599 1600
1600 1601
1601 1602
1602 1603
1603 1604
1604 1605
1605 1606
1606 1607
1607 1608
1608 1609
1609 1610
1611 1612
1612 1613
1613 1614
1614 1615
1615 1616
1616 1617
1617 1618
1618 1619
1619 1620
1620 1621
1621 1622
1622 1623
1623 1624
1624 1625
1625 1626
1626 1627
1627 1628
1628 1629
1629 1630
1630 1631
1631 1632
1632 1633
1633 1634
1634 1635
1635 1636
1636 1637
1637 1638
1638 1639
1639 1640
1640 1641
1641 1642
1642 1643
1643 1644
1644 1645
1645 1646
1646 1647
1647 1648
1648 1649
1649 1650
1650 1651
1651 1652
1652 1653
1653 1654
1654 1655
1655 1656
1656 1657
1657 1658
1658 1659
1659 1660
1660 1661
1661 1662
1662 1663
1663 1664
1664 1665
1665 1666
1666 1667
1667 1668
1668 1669
1669 1670
1670 1671
1671 1672
1672 1673
1673 1674
1674 1675
1675 1676
1676 1677
1677 1678
1678 1679
1679 1680
1681 1682
1682 1683
1683 1684
1684 1685
1685 1686
1686 1687
1687 1688
1688 1689
1689 1690
1690 1691
1691 1692
1692 1693
1693 1694
1694 1695
1695 1696
1696 1697
1697 1698
1698 1699
1699 1700
1700 1701
1701 1702
1702 1703
1703 1704
1704 1705
1705 1706
1706 1707
1707 1708
1708 1709
1709 1710
1710 1711
1711 1712
1712 1713
1713 1714
1714 1715
1715 1716
1716 1717
1717 1718
1718 1719
1719 1720
1720 1721
1721 1722
1722 1723
1723 1724
1724 1725
1725 1726
1726 1727
1727 1728
1728 1729
1729 1730
1730 1731
1731 1732
1732 1733
1733 1734
1734 1735
1736 1737
1737 1738
1738 1739
1739 1740
1740 1741
1741 1742
1742 1743
1743 1744
1744 1745
1745 1746
1746 1747
1747 1748
1748 1749
1749 1750
1750 1751
1751 1752
1752 1753
1753 1754
1754 1755
1755 1756
1756 1757
1757 1758
1758 1759
1759 1760
1760 1761
1761 1762
1762 1763
1763 1764
1764 1765
1765 1766
1766 1767
1767 1768
1768 1769
1769 1770
1770 1771
1771 1772
1772 1773
1773 1774
1774 1775
1775 1776
1776 1777
1777 1778
1778 1779
1779 1780
1780 1781
1781 1782
1782 1783
1783 1784
1784 1785
1786 1787
1787 1788
1788 1789
1789 1790
1790 1791
1791 1792
1792 1793
1793 1794
1794 1795
1795 1796
1796 1797
1797 1798
1798 1799
1799 1800
1800 1801
1801 1802
1802 1803
1803 1804
1804 1805
1805 1806
1806 1807
1807 1808
1808 1809
1809 1810
1810 1811
1811 1812
1812 1813
1813 1814
1814 1815
1815 1816
1816 1817
1817 1818
1818 1819
1819 1820
1820 1821
1821 1822
1822 1823
1823 1824
1824 1825
1825 1826
1826 1827
1827 1828
1828 1829
1829 1830
1830 1831
1831 1832
1832 1833
1833 1834
1834 1835
1836 1837
1837 1838
1838 1839
1839 1840
1840 1841
1841 1842
1842 1843
1843 1844
1844 1845
1845 1846
1846 1847
1847 1848
1848 1849
1849 1850
1850 1851
1851 1852
1852 1853
1853 1854
1854 1855
1855 1856
1856 1857
1857 1858
1858 1859
1859 1860
1860 1861
1861 1862
1862 1863
1863 1864
1864 1865
1865 1866
1866 1867
1867 1868
1868 1869
1869 1870
1870 1871
1871 1872
1872 1873
1873 1874
1874 1875
1875 1876
1876 1877
1877 1878
1878 1879
1879 1880
1880 1881
1881 1882
1882 1883
1883 1884
1884 1885
1885 1886
1887 1888
1888 1889
1889 1890
1890 1891
1891 1892
1892 1893
1893 1894
1894 1895
1895 1896
1896 1897
1897 1898
1898 1899
1899 1900
1900 1901
1901 1902
1902 1903
1903 1904
1904 1905
1905 1906
1906 1907
1907 1908
1908 1909
1909 1910
1910 1911
1911 1912
1912 1913
1913 1914
1914 1915
1915 1916
1916 1917
1917 1918
1918 1919
1919 1920
1920 1921
1921 1922
1922 1923
1923 1924
1924 1925
1925 1926
1926 1927
1927 1928
1928 1929
1929 1930
1930 1931
1931 1932
1932 1933
1933 1934
1934 1935
1935 1936
1936 1937
1937 1938
1938 1939
1939 1940
1940 1941
1941 1942
1942 1943
1943 1944
1944 1945
1945 1946
1946 1947
1947 1948
1948 1949
1950 1951
1951 1952
1952 1953
1953 1954
1954 1955
1955 1956
1956 1957
1957 1958
1958 1959
1959 1960
1960 1961
1961 1962
1962 1963
1963 1964
1964 1965
1965 1966
1966 1967
1967 1968
1968 1969
1969 1970
1970 1971
1971 1972
1972 1973
1973 1974
1974 1975
1975 1976
1976 1977
1977 1978
1978 1979
1979 1980
1980 1981
1981 1982
1982 1983
1983 1984
1984 1985
1985 1986
1986 1987
1987 1988
1988 1989
1989 1990
1990 1991
1991 1992
1992 1993
1993 1994
1994 1995
1995 1996
1996 1997
1997 1998
1998 1999
1999 2000
2000 2001
2001 2002
2002 2003
2003 2004
2004 2005
2006 2007
2007 2008
2008 2009
2009 2010
2010 2011
2011 2012
2012 2013
2013 2014
2014 2015
2015 2016
2016 2017
2017 2018
2018 2019
2019 2020
2020 2021
2021 2022
2022 2023
2023 2024
2024 2025
2025 2026
2026 2027
2027 2028
2028 2029
2029 2030
2030 2031
2031 2032
2032 2033
2033 2034
2034 2035
2035 2036
2036 2037
2037 2038
2038 2039
2039 2040
2040 2041
2041 2042
2042 2043
2043 2044
2044 2045
2045 2046
2046 2047
2047 2048
2048 2049
2049 2050
2050 2051
2051 2052
2052 2053
2053 2054
2054 2055
2056 2057
2057 2058
2058 2059
2059 2060
2060 2061
2061 2062
2062 2063
2063 2064
2064 2065
2065 2066
2066 2067
2067 2068
2068 2069
2069 2070
2070 2071
2071 2072
2072 2073
2073 2074
2074 2075
2075 2076
2076 2077
2077 2078
2078 2079
2079 2080
2080 2081
2081 2082
2082 2083
2083 2084
2084 2085
2085 2086
2086 2087
2087 2088
2088 2089
2089 2090
2090 2091
2091 2092
2092 2093
2093 2094
2094 2095
2095 2096
2096 2097
2097 2098
2098 2099
2099 2100
2100 2101
2101 2102
2102 2103
2103 2104
2104 2105
2106 2107
2107 2108
2108 2109
2109 2110
2110 2111
2111 2112
2112 2113
2113 2114
2114 2115
2115 2116
2116 2117
2117 2118
2118 2119
2119 2120
2120 2121
2121 2122
2122 2123
2123 2124
2124 2125
2125 2126
2126 2127
2127 2128
2128 2129
2129 2130
2130 2131
2131 2132
2132 2133
2133 2134
2134 2135
2135 2136
2136 2137
2137 2138
2138 2139
2139 2140
2140 2141
2141 2142
2142 2143
2143 2144
2144 2145
2145 2146
2146 2147
2147 2148
2148 2149
2149 2150
2150 2151
2151 2152
2152 2153
2153 2154
2154 2155
2156 2157
2157 2158
2158 2159
2159 2160
2160 2161
2161 2162
2162 2163
2163 2164
2164 2165
2165 2166
2166 2167
2167 2168
2168 2169
2169 2170
2170 2171
2171 2172
2172 2173
2173 2174
2174 2175
2175 2176
2176 2177
2177 2178
2178 2179
2179 2180
2180 2181
2181 2182
2182 2183
2183 2184
2184 2185
2185 2186
2186 2187
2187 2188
2188 2189
2189 2190
2190 2191
2191 2192
2192 2193
2193 2194
2194 2195
2195 2196
2196 2197
2197 2198
2198 2199
2199 2200
2200 2201
2201 2202
2202 2203
2203 2204
2204 2205
2205 2206
2207 2208
2208 2209
2209 2210
2210 2211
2211 2212
2212 2213
2213 2214
2214 2215
2215 2216
2216 2217
2217 2218
2218 2219
2219 2220
2220 2221
2221 2222
2222 2223
2223 2224
2224 2225
2225 2226
2226 2227
2227 2228
2228 2229
2229 2230
2230 2231
2231 2232
2232 2233
2233 2234
2234 2235
2235 2236
2236 2237
2237 2238
2238 2239
2239 2240
2240 2241
2241 2242
2242 2243
2243 2244
2244 2245
2245 2246
2246 2247
2247 2248
2248 2249
2249 2250
2250 2251
2251 2252
2252 2253
2253 2254
2254 2255
2255 2256
2257 2258
2258 2259
2259 2260
2260 2261
2261 2262
2262 2263
2263 2264
2264 2265
2265 2266
2266 2267
2267 2268
2268 2269
2269 2270
2270 2271
2271 2272
2272 2273
2273 2274
2274 2275
2275 2276
2276 2277
2277 2278
2278 2279
2279 2280
2280 2281
2281 2282
2282 2283
2283 2284
2284 2285
2285 2286
2286 2287
2287 2288
2288 2289
2289 2290
2290 2291
2291 2292
2292 2293
2293 2294
2294 2295
2295 2296
2296 2297
2297 2298
2298 2299
2299 2300
2300 2301
2301 2302
2302 2303
2303 2304
2304 2305
2305 2306
2307 2308
2308 2309
2309 2310
2310 2311
2311 2312
2312 2313
2313 2314
2314 2315
2315 2316
2316 2317
2317 2318
2318 2319
2319 2320
2320 2321
2321 2322
2322 2323
2323 2324
2324 2325
2325 2326
2326 2327
2327 2328
2328 2329
2329 2330
2330 2331
2331 2332
2332 2333
2333 2334
2334 2335
2335 2336
2336 2337
2337 2338
2338 2339
2339 2340
2340 2341
2341 2342
2342 2343
2343 2344
2344 2345
2345 2346
2346 2347
2347 2348
2348 2349
2349 2350
2350 2351
2351 2352
2352 2353
2353 2354
2354 2355
2355 2356
2357 2358
2358 2359
2359 2360
2360 2361
2361 2362
2362 2363
2363 2364
2364 2365
2365 2366
2366 2367
2367 2368
2368 2369
2369 2370
2370 2371
2371 2372
2372 2373
2373 2374
2374 2375
2375 2376
2376 2377
2377 2378
2378 2379
2379 2380
2380 2381
2381 2382
2382 2383
2383 2384
2384 2385
2385 2386
2386 2387
2387 2388
2388 2389
2389 2390
2390 2391
2391 2392
2392 2393
2393 2394
2394 2395
2395 2396
2396 2397
2397 2398
2398 2399
2399 2400
2400 2401
2401 2402
2402 2403
2403 2404
2404 2405
2405 2406
2407 2408
2408 2409
2409 2410
2410 2411
2411 2412
2412 2413
2413 2414
2414 2415
2415 2416
2416 2417
2417 2418
2418 2419
2419 2420
2420 2421
2421 2422
2422 2423
2423 2424
2424 2425
2425 2426
2426 2427
2427 2428
2428 2429
2429 2430
2430 2431
2431 2432
2432 2433
2433 2434
2434 2435
2435 2436
2436 2437
2437 2438
2438 2439
2439 2440
2440 2441
2441 2442
2442 2443
2443 2444
2444 2445
2445 2446
2446 2447
2447 2448
2448 2449
2449 2450
2450 2451
2451 2452
2452 2453
2453 2454
2454 2455
2455 2456
2456 2457
2457 2458
2458 2459
2459 2460
2460 2461
2461 2462
2463 2464
2464 2465
2465 2466
2466 2467
2467 2468
2468 2469
2469 2470
2470 2471
2471 2472
2472 2473
2473 2474
2474 2475
2475 2476
2476 2477
2477 2478
2478 2479
2479 2480
2480 2481
2481 2482
2482 2483
2483 2484
2484 2485
2485 2486
2486 2487
2487 2488
2488 2489
2489 2490
2490 2491
2491 2492
2492 2493
2493 2494
2494 2495
2495 2496
2496 2497
2497 2498
2498 2499
2499 2500
2500 2501
2501 2502
2502 2503
2503 2504
2504 2505
2505 2506
2506 2507
2507 2508
2508 2509
2509 2510
2510 2511
2511 2512
2513 2514
2514 2515
2515 2516
2516 2517
2517 2518
2518 2519
2519 2520
2520 2521
2521 2522
2522 2523
2523 2524
2524 2525
2525 2526
2526 2527
2527 2528
2528 2529
2529 2530
2530 2531
2531 2532
2532 2533
2533 2534
2534 2535
2535 2536
2536 2537
2537 2538
2538 2539
2539 2540
2540 2541
2541 2542
2542 2543
2543 2544
2544 2545
2545 2546
2546 2547
2547 2548
2548 2549
2549 2550
2550 2551
2551 2552
2552 2553
2553 2554
2554 2555
2555 2556
2556 2557
2557 2558
2558 2559
2559 2560
2560 2561
2561 2562
2562 2563
2564 2565
2565 2566
2566 2567
2567 2568
2568 2569
2569 2570
2570 2571
2571 2572
2572 2573
2573 2574
2574 2575
2575 2576
2576 2577
2577 2578
2578 2579
2579 2580
2580 2581
2581 2582
2582 2583
2583 2584
2584 2585
2585 2586
2586 2587
2587 2588
2588 2589
2589 2590
2590 2591
2591 2592
2592 2593
2593 2594
2594 2595
2595 2596
2596 2597
2597 2598
2598 2599
2599 2600
2600 2601
2601 2602
2602 2603
2603 2604
2604 2605
2605 2606
2606 2607
2607 2608
2608 2609
2609 2610
2610 2611
2613 2614
2614 2615
2615 2616
2616 2617
2617 2618
2618 2619
2619 2620
2620 2621
2621 2622
2622 2623
2623 2624
2624 2625
2625 2626
2626 2627
2627 2628
2628 2629
2629 2630
2630 2631
2631 2632
2632 2633
2633 2634
2634 2635
2635 2636
2636 2637
2637 2638
2638 2639
2639 2640
2640 2641
2641 2642
2642 2643
2643 2644
2644 2645
2645 2646
2646 2647
2647 2648
2648 2649
2649 2650
2650 2651
2651 2652
2652 2653
2653 2654
2654 2655
2655 2656
2656 2657
2657 2658
2658 2659
2659 2660
2660 2661
2661 2662
2663 2664
2664 2665
2665 2666
2666 2667
2667 2668
2668 2669
2669 2670
2670 2671
2671 2672
2672 2673
2673 2674
2674 2675
2675 2676
2676 2677
2677 2678
2678 2679
2679 2680
2680 2681
2681 2682
2682 2683
2683 2684
2684 2685
2685 2686
2686 2687
2687 2688
2688 2689
2689 2690
2690 2691
2691 2692
2692 2693
2693 2694
2694 2695
2695 2696
2696 2697
2697 2698
2698 2699
2699 2700
2700 2701
2701 2702
2702 2703
2703 2704
2704 2705
2705 2706
2706 2707
2707 2708
2708 2709
2709 2710
2710 2711
2711 2712
2713 2714
2714 2715
2715 2716
2716 2717
2717 2718
2718 2719
2719 2720
2720 2721
2721 2722
2722 2723
2723 2724
2724 2725
2725 2726
2726 2727
2727 2728
2728 2729
2729 2730
2730 2731
2731 2732
2732 2733
2733 2734
2734 2735
2735 2736
2736 2737
2737 2738
2738 2739
2739 2740
2740 2741
2741 2742
2742 2743
2743 2744
2744 2745
2745 2746
2746 2747
2747 2748
2748 2749
2749 2750
2750 2751
2751 2752
2752 2753
2753 2754
2754 2755
2755 2756
2756 2757
2757 2758
2758 2759
2759 2760
2760 2761
2761 2762
2763 2764
2764 2765
2765 2766
2766 2767
2767 2768
2768 2769
2769 2770
2770 2771
2771 2772
2772 2773
2773 2774
2774 2775
2775 2776
2776 2777
2777 2778
2778 2779
2779 2780
2780 2781
2781 2782
2782 2783
2783 2784
2784 2785
2785 2786
2786 2787
2787 2788
2788 2789
2789 2790
2790 2791
2791 2792
2792 2793
2793 2794
2794 2795
2795 2796
2796 2797
2797 2798
2798 2799
2799 2800
2800 2801
2801 2802
2802 2803
2803 2804
2804 2805
2805 2806
2806 2807
2807 2808
2808 2809
2809 2810
2810 2811
2811 2812
2812 2813
2813 2814
2821 2822
2822 2823
2823 2824
2824 2825
2825 2826
2827 2828
2828 2829
2829 2830
2830 2831
2831 2832
2832 2833
2893 2894
2893 2895
2893 2896
2893 2897
2893 2898
2893 2899
2893 2900
2893 2901
2893 2902
2893 2903
2893 2904
2893 2905
2893 2906
2894 2895
2894 2896
2894 2897
2894 2898
2894 2899
2894 2900
2894 2901
2894 2902
2894 2903
2894 2904
2894 2905
2894 2906
2895 2896
2895 2897
2895 2898
2895 2899
2895 2900
2895 2901
2895 2902
2895 2903
2895 2904
2895 2905
2895 2906
2896 2897
2896 2898
2896 2899
2896 2900
2896 2901
2896 2902
2896 2903
2896 2904
2896 2905
2896 2906
2897 2898
2897 2899
2897 2900
2897 2901
2897 2902
2897 2903
2897 2904
2897 2905
2897 2906
2898 2899
2898 2900
2898 2901
2898 2902
2898 2903
2898 2904
2898 2905
2898 2906
2899 2900
2899 2901
2899 2902
2899 2903
2899 2904
2899 2905
2899 2906
2900 2901
2900 2902
2900 2903
2900 2904
2900 2905
2900 2906
2901 2902
2901 2903
2901 2904
2901 2905
2901 2906
2902 2903
2902 2904
2902 2905
2902 2906
2903 2904
2903 2905
2903 2906
2904 2905
2904 2906
2905 2906
2908 2909
2908 2910
2908 2911
2908 2912
2908 2913
2908 2914
2908 2915
2908 2916
2908 2917
2908 2918
2908 2919
2908 2920
2908 2921
2909 2911
2909 2912
2909 2914
2909 2915
2909 2919
2909 2922
2909 2923
2909 2924
2909 2925
2909 2926
2909 2927
2909 2928
2909 2929
2909 2930
2909 2931
2910 2915
2911 2912
2911 2914
2911 2915
2911 2919
2911 2931
2911 2974
2912 2913
2912 2914
2912 2915
2912 2919
2912 2923
2912 2948
2912 2965
2912 2976
2912 2977
2913 2915
2913 2916
2913 2919
2913 3011
2913 3025
2914 2915
2914 2919
2914 2929
2914 2931
2914 3011
2914 3016
2914 3027
2915 2919
2915 2920
2915 2929
2915 2930
2915 2955
2915 2966
2915 2971
2915 2975
2915 3011
2915 3023
2915 3030
2916 2919
2917 2918
2919 3022
2919 3023
2919 3024
2919 3025
2920 3025
2922 2932
2922 2933
2923 2934
2923 2935
2923 2936
2923 2937
2923 2938
2923 2939
2923 2940
2923 2941
2923 2942
2925 2953
2930 2958
2934 2935
2934 2936
2934 2937
2934 2938
2934 2939
2934 2940
2934 2941
2934 2942
2935 2936
2935 2937
2935 2938
2935 2939
2935 2940
2935 2941
2935 2942
2935 2943
2936 2937
2936 2938
2936 2939
2936 2940
2936 2941
2936 2942
2937 2938
2937 2939
2937 2940
2937 2941
2937 2942
2937 2946
2938 2939
2938 2940
2938 2941
2938 2942
2939 2940
2939 2941
2939 2942
2939 2944
2939 2945
2939 2947
2940 2941
2940 2942
2941 2942
2949 2950
2952 2953
2955 2956
2956 2959
2959 2962
2960 2961
2960 2962
2960 2963
2961 2962
2961 2963
2962 2963
2977 2980
2978 2979
2979 2980
2979 3006
2979 3007
2979 3008
2980 2981
2980 2982
2980 2983
2980 2984
2980 2985
2980 2986
2980 2987
2980 2988
2980 2989
2980 2990
2980 2991
2980 2992
2980 2993
2980 2994
2980 2995
2980 2996
2980 2997
2980 2998
2980 2999
2980 3000
2980 3001
2980 3002
2980 3003
2980 3004
2980 3005
2980 3006
2980 3007
2980 3008
3006 3007
3006 3008
3006 3009
3006 3010
3007 3008
3011 3012
3018 3019
3019 3020
